
1234 1229 1849 1878 1236 1882 1906 1225 5409 1894 2151 1892 1227 1854





3854 2628 2859 2867 865 3853 6572 6574 5330 864 3865



21736 9945 44200 12284 9928 9991 15146 17838 17814 9968 9936 17817 9950 9966 33390









213








6517 22551 25496 15877 9171 40194 33938 91349 6489 7267 87993 545 33851 91355 9170 25368 91357 25367






49876 25543 19793 30510 15003 17261 36997 408 31643 967 142

62436 66403 66398 19739 21050 8251 32190 50356 73375 67347 8611 30085








71386 29888 29893 33948 25101 60290 30891 6490 7785





89395 8784 84589 77404 75898 51778 97891 89828








5866


















87354





47731 26628 53868 27047 61287 81265 47720 71312 82437 47728 25708 36826 62919 82509


1188 1168 23294 1771 3355 23288 3079 6576 8880 2865 3088 3076 3339














































9959 11316 11320 12939 17599 12294 9927 9928 14882 9937 11296 11298 29319 9958 12284 11309 7534 9936 9993 9965 11321 9930 9929
































84589 97054 89828 97060 12455 6987 7216 8155 71728 74850 27845 1611 37078 15895 12234 12694 8133 31861 2550 76921 8348 34877 8137 6985 8150 21272







1932 1933 1934 1935 1761 1936


19925 99033 14388 54232 61751 41247 13380 47470 19884 21597





245 14749 21133 5859 231 3450 2938 7392



18490 18489 18149 19520 19534 19495 19465 19466 19525 19492








20261 19012 35298 18972 20393 20257 18977 19006 19051 19087 18982 19396 19061 19004 628 554 19079 20339 15435 20407 21590 21580 23241 12853 14530 21595 14538 28202 20352 23642 19059

















27493 32655 39164 21137 38537 38555 39157 44037 39170 29720 50678 57562 32672 39176 107 36740 54459 55860




8774 7107 72509 8772




























8106 8109 8110 4323 6812 6810 8113


















21037 21050 60876 60016 45637 36343 32190 8251 19739

26904











10413 3977 3298 14792 14795 3971 14796 3975 14800 3967 13914 14802 14805 14807 14811 10407 14816 3972









97420 6517 22551 25368 9171 97426 25496 40194 87993 91355 6489 91349 33851 545




20003 46403 18975 19993 34980 20002 33543 33548 42 26931 21576 26935 31285 19992 612 27798 21592 21537 18962 33541

6458



5667 3172 6518 34267 33468 14947 3152 15476 997 2518 3170 2938 12681


5559 6899 355 6902

956 503 23140 500 43725
7139 19672 19660 8650 41247 33755 19684 33663 26986 24339 24338 7128 8642 45883 58787




















1042 5599 3982 5598 1767 2316




29264 32231 23698 9879 433


19024 29436 554 12908 561 15435 17822 5866 597
93874 99459 92942 56919











49177 15242 8348 31861 23851 12454 7216 1611 49180 40188 8133 6981 8156 7234 24102 3534 7010 8150 7004


















39709 8637 58094 54666 30063 40247















15831 26910 9559 10353 19373 19132 6094 707 702 968


2550 31863 84597 21272 63399 71703 63250 8156 15895 7225 12694 8137 9160 696 40878 8133 15242

57112 71386 30715 26437 9019 24036 53242 42350 4911 31264 9659 25101 41427 57321 33948 29888 9033















16508 32683 31049 32316




27047 27060 5022 5006 4958 27073


61587 5742 5715

32548 10313 27730 11797 23263 32506 32555 32519 57320 10267 32551 32513 32522 10298 10334 38832


21050 8251 32190 21037 45637 62436 36343 24145 66403 8230 50356 60876













90335 19525 90342 68232 30085




62509 8637 62524







4230 4219 4609 4231 4616 4617








7114 7119 9164 9135 20907 20909 7115 1611














60653 60663 47939



8784 99169 13706 89996 64748







13180 13183 13729 13731 12371 13734 13191 13739 13213 13743 12681 13216 13751 13189 13752

4655 4652 4663 4680 4664 4693 4713 679 77037 4688 4653 4681 30540 65731 20965 4682 4684 30532 18191 4705 32700







28466 19936 67957 7132 21519 13962 66533 8641 70161 69982 14564 22661 7131 20298 65725




68126 4175 2524 4159 2522 2496 68649 67045 35436 40086 40087 2504 4151 60662 4181 2501 60677 50645 2535 6324 41444 5670 48274 53239 65772




15675 17683 258

13325 1938 5984 347 6346 345




561 604 71 583 584 72 85 90 582 572

















5047 1731 16177 5895 14516 14749 14750 5859 12953 14030 1736 3450 1732 14760 25340 27512 9164 7226 3534 545 7208 12515 7004















926 26506 42278 79778 44246 44254 44259 892





6987 9160 1611 8133 7226 6981 24101 8156 24102



71746 12464 71706 31863 12460 71716 71710 6989 22551 7119 6985 88865 71728 8150 15894 7212 12694 34877







2424 2423 2187 2894 2428 2440 2897






29436 22754 21650 564













5305 4378 3346 4388 3351 48250 2311 14109 3059 10800 13336






35436 35686 53236 5670 4130 4119 40086 2504 41444 6317 4134 49103 2536 4121 35685 4116 4159









7778 98537 60132 19321
92749 72978 16104 72967 3339 1936



25720 10243 23789 4100 489 533 3985 16110 12638 4102 532 16104 13080 7653 49336 525 10254 30723 13145 12886








29265 32388
3128 3111


58545 4663 679 4693 4698 4669 32700 4688 79703 4701 4703 4702




12112 37683 19895 34710 26478 49835 21424 34705 37211 63577 35629 17219 34709 35627 34706




2889 1197 1185 3246 1760 2865 3820 1765 1767 2626 1761

39907 30061 20289 32326 21425




















69939




11577 37502








19925 21597 54232 55413 22661 58787 41247 24338 26986 19668 19672 61751

67764 66937 40030 100493







32797 12012 13034 15810 7626 2663 30247 819 14248 23693 12024 21259 9559
31643 19762 144 909 5668 2922 15850 49886





4457 20069 15715 15197 22757 15174 3967 5078 5091 17474 15246 14800 3296 3977 5077 15404 3300 5092 20094 3975 5106 5642














46430 13318 10043 42273 2578 26504 53812 62968





3811 3820 3832 3347 3840 7905 7906 2305 5349 2321 2193 973 7907 1935 7911 1767 2086 1933 2298 3859 2304 2075 1185 1932 2306

8650









32017 16920 16921 32580


2327 2326 9110 2345




84 19743 19601

2154 8496 5368 5367





4911 24036 42350 57330 26437 9019 57112 53242 30715





51382 17204 2533 4176












579 21696 17822 582


5638 5635 8583 23508 5624 62902 71948 90604 89779 25389







79534 22061 3158 8891 40467 13234 2046 5824 2922 4577 11921 8095 68933 54967 6980 7515 3442 40188 3799 120 1611 7010 7004




9786 18144 20009 7926 19849 19601 19591 7923 20032 20034 19233 19495 16047 20040 19605 10139 20043 7522 19743 579 20044














3450
18856 21665 11531 21664 21663 14894 8703 21682 17801 21685 21687 9681 21689 17810 21691 19331 15434 9353 21694 19679 19233 5866 21696 588






530 408 377 437 8827




















42381 20014 42385 9184 20747 37843 20307 8598 8647 213 22495 21226 19434 40012 51241 31542 10035 21840 60565




45538 58009 40591 58016 56721 58020 8981 38573




14949 26608 26604 25009 17591 19321 19323 14760 17595 25015 7547 3448



16022 26068 16023 51052 100447 63399 16020


1169 2865 2860 1197 9429 1185 2320 2095 2196 3038 2063 973 9430 1767 2193 1935 3246 2087 1182 1933 2878 2075 2310 2059 2889 2316 3820 3344 1186 2298 9433 2304 2065 2305 974





6526 6527 5941 4057 6534 4070 6540 6541 6545 6549 4067 6556 6561 5932 6563 6566

15894 71303 12218 12464 73129 34877 1611 7212 8156














63426 84589 71718 7216 86660 63417 8133 6990





48555 63167 63475 78225 82435 53868 53844 27047 47720 71312






2706 2713 2744 6345 2709 6346 2732 6347 6348 2669 2719 6350

64802 84666 40878 64445 49879 64697 84671 29826 1982 140 7000 20527 2920 39253 17034 8098




84589 6987 67593 89833 12455 89834 8133 8137 22508 7234 8155 7208 7225 34877 7216 63709 40188 1611 49180 77108



67534 70638 31531 50285 59101 31200 7142 31542




3128 90225







1932 2052 2053 2054 2055 2056 2057 1934 2059 2062 2063 1933 2065 2066 2067 2070 2071 2072 2073 2075 2080 2085 2086 2087 2088 2089 1760 2091


















19323 5055 14939 25015 1939





























584 72 85 561 19164 564 554 629 568 71 90 597 21629 16943 618

12747 8977 2502 440 109 569 107 213 3977







5381 24479 17954 29381 5097 34953 5066 2154









14800 3967 3977 3975 5078 15715 14795 14802 4457 14792 5092 15174 5077 3971 13279 14796 21626

59654 60075


12684 8602 21226 20664 10037 8661 62449 20747 8629 14955 69883 30730
461 472







81578 72709 31264 85448 58201 57318




7826 14641 10071 14634











17919 24026 17226 18728 23247 18163 24029 18412 237








94705 44783 13375 40029 49370 5399 58465



4312



4027 2059 2086 2193 2087 4028 3053 2321 973 2305 974 1935 2299 2075 4031 2085 2057 4032 2197 1763 4037 2253 2303 2072 2419 2196 4038 4039 1197 4040 2306 2195 1760 2880 1761 2298 4043 1185 2065






8981 8980 8987 56739 57219 4230 30715 55941 9031 45277 40593 9019 56731 8993 44230 51694 40597 40592



16836 16848 16837 17110 16845 16863 4099 16855 17106

16838 16837 16836 16863 17106






6696 6009 6712 355 2704 345 6346 347 13808 5992 2709











16300 1969 3436 5187 29053 61782 11543 17034 11279 18427 52209 16995 5244 140 7515 6980 16258 3448 64445 866 370 7000 20527 387 12968 17594 3799 363









74851 7208 37082 7004 31862 51778 8150 63255 8155 7226 7010 15242 1611 75898 12234 12515 24102




15368 17155 96381 7515 58125 78774 39961 11921 5824 3799 2922 3442 2046






























85172





3936 2704
4619 9647 12892 26873 404









76116 9003




2706 2709 355 9317 9324 2704 6346 354 2732 9319 3501




8733 51778 7087 78502 75795 50996





19993 20002 19992 21572 26932 18962 18975 19612 34381 20003 31912 21576 42 27798 19419 21592 31285 21574 21537 48759 34980 20001 19115 26935 22540 612 33541 46403 26926 26931
3085 3060 1773 6576 2044 1168 3340 4849 3339 10390 3347 3059 3063 2311 4377 3058 3076 3338 1936





71703 12464 71706 71710 6985 15875 7212 22551 71716 7119 71718 15242 15894 71728 8133




46267 25389 81371 77276

93621 50677 8784 93631 2399 89996






16224 45655 45657 44865 20730

20043 49595 28483 49668 21685 18138 26870 49670 33191 9999




14947 997 33075 14951 3172 2518 7310 2936 5667 5650 7323 2933 3170 67071 2938 5678 2927 3165 1943 4562 1956 21632 3160 3159 4541 7307 33468 3155 7785 3158 14226 7292 15462 9036 15234 9045


8341 6992 6985 6981 8132 6987 8346 8155 8348 1611 8133 7226 7010 8150 7004 8156




376 634 393 8015 636 637 372 881 402 395 893 32220 400 30725 39361 883 8016 35253 30434 39176 899 117 32215








55953 42586 58236 51376 9003 32608

67987 3534 25509 3535 44435 67993 67996 3516 25740 68005 68012



















78782 8153 27845 12234 83660 77108 49180 37503 35434 7208 7216 31860 40189 63709 63250 79021 83664 73129 7004 8132 7010 4350













3338 7184 2891




1197 3246 2889 1763 2059 973


















24520 53236 33915 35686 44977 35436 4151 4021 4020 45625 45951 4294 53246 45952 44957 49103 6317 4119



























61031 55098 12926

58798 12102 43013 225 5441 27499 44579 12845 8332 37690 34705 44594 21140 7946 12852 43237 5432 17219



4693 4653 4663 4698 56455














6980 89828 84589 7515 84875 62946 32043 11921 16311 2922 10604 67593 3442 5654 96060 529 61773 4577 2046 16660 909 8095 71533 5824 17157 17155 79534 47100







15368 71410 64697 31643 49889 32043 92620 2922 3442 10604




6515 63243 11950 11931 11938 11939 9087 18058




26608 5680 24946 399 60132 11275 2781 2903 931 65034 120 411 370 6980 112 16995 3448






2483 54666 81863
8333











37078 71706 67987 71064 8348 15895

191 217















19213 19212 19209 32322 28791 23777 19192 19233 28792 19207 23781










556 32901 28423 586 612 623 29331 597 18938 19419 14537 554 22455



2085



16224 20730 45657 44865 17906


20398 19994 21922 20198 84 19806 19012 20192 579 18956 19160 611 23 14537 20800 15851 14530 19836 19743 597 612 20261 582 21650 40 19086 71 12842 570 90



22205 13476 13498 13462 22972 13495 18851 548 22977 13497 13465 13461 22985 19292 22992 16276 17031 23000













50677 77431 50996 78504 51778 7087















24529 24072 57368 57358 28086 56155 24530 57823 53872 32608 56162 32598









25509 3534 3535 67987 44435 67993 68005 25740 3516 101211







14811 3971 14795 21626 13279 3967 18196 3977


















8648 42401 19533 13375











84589 89833 6987 6990 89828 97060 97415 8133 67593 21272 7234 7216 7212 96060 12234 8137 97042 54967 15242 12455





2475 2483











19601 15988 14461 21518 16047 15985 7527 15992 22751



30564 71049 71064 62479 8137 54967

9661 4961












11692



















10143


6096 15675 3884 6350 15678 15679 3971 2669 15680 819 2742 2744

81212 92926 56457


















20912 20907 9164 7114 25740 7119 3534 3535 9140 5047 7116 12372 9135 24269




3347 6576 3808 60695 3985 6025 6581 1768























12460 11279 33345 33340 61770 16300 7000 5262 140 5187 17594 86666 5244 1982 49879 2920 23033

77414 50677 8784 2399 89996



15447




57503 32773 57748 73669 11907 11060 57504 70797
15447 15459 15460 3170 997 2938 4561 15462 5651 3172 13236 3166 4562 3154 3152 7785 15472 3182 12771 2933 15476

























42883


35434 63399 12234 16039 7216 63415 35993 63417 16022 63426




18197 18182 4310 11348 26002 18190 12014 18195 20957 2710

20907 22551 25496 6517 7267 6489 40194 25368 20912 9171 7119 88031 33938 91349 87993 12372 91839 9170 25367






57198 2625 23358 21449 40288 11797 32519 32532 32513 376 8987 53809

20981 20977 25039 17076 10353 17353 20970












70037 127 80560 892 44259
















1731 1732 1735 1736














3079 3076 6029 1763 1177 1185 1771 5290 4850 1761 3088 1772 3048 3985 7184 5305 2065 2044 6599 973 3085 3340 1936




91432


72067 4405 90687 5305 3346 14109 60695 3059 91922 4378 3062

















2867 2859 2628 6574 862 5330 9274 3854 5335 865 9275 8726 3853 864 3856 5336 3864 3855 8763 5332 6572 5329 3863 3865



27730 32506 23263 32555 57320 38832 32532 40288 64334 53809 11797 10267


49177 49183 31861




























9165 3442 15894 1611 7267 8156 8150 15870












87486 4223 4230 58840 4616



10415 18196 27768 27764 22759
1611 8133 12515



68005 44435 23859 67993 67996 7392 71071 23851 67987 3534


19601 19743 21518 20798 20005








5856 5842 5846 10049 5847 23779 5854 28791 23781 20783 23785 23783 23777 39709

























2920 71410 64802 29826 185 29053 901 866 64697 11279 18444 64445 3451 5055 10209 2558 387 7000 24946 2788 14944 16995 3448 6071 360 140 20527 8098 5187 10091










7785 35592 25101 29888 24135 33940 29893 35616 71386 35572 17025 15462 39326 33952 33948





413 17296 17340 17341 17342 17307 17344 713 292 17345 17321 17300 463 460 17298 429 17306 414 17350 17353 410 17357 711 17359 17303 728 17313 17369







21050 14950 13098 21037 8251 36343 5399 32190 5865 45637 19739 5395 22690 60876 8702 43201 74285






8784 50677 2399 75898 94054 77404




21592 31285 21574 31307 19091 33090 21536 18975 34957 20287 11 28651 20002 20003 18973 27798 31271 23876 26935 19993 31283 19063 22536

































40875 40878 40881 8137 8133 1611 25108 4347 7225 40904 7234 6981



8095 39960 7515 11543 39961 5824 16304 15368 17157 11921 4577 2046 3442








501 477 433 524 965 520 494 712 36205 460 484 463 419 727 441 429 470 492 478 41251 527 957 713 703 474 954 500 513 740








6969 2187 2423 4428 2645 2897


















1936 2041 1772 1773 3245 3063 40353

5941 6526 6540 6534 7240 6541 6561 3374 6545 6527 6549 6556 2740
421 727 40944 501 524 712 441 483 419 426 434 40921 433 484 41263 500 36205 36207 958 420 492 461 965 417 520 513 436

22661






















4382 3364 14109 3071 2311 3070 3060 3058 3059 3062 24409 24440






























45619 92254




















7107 86726 72518 51778
41365 56154 46283 46281 12921 12918 55098 12926 32608 56165



5055 17605


101190 91839 84589 89828 51052 39234 25509 1611 8137 15242 12515 7234 8133 8150 8156


31531 16277 16279 44798 63392














18489 18490 19520 19495 19492 18149 19530 19408 21696















4597 44259 82095






















19934 7142 65013 20354 61735 37741 21696 7145 20356 60565



23565 63971
3516 71038 67993 3535 68005 71071 3534 67996 71042 25509 67987 71033





33550 31922 26935 47761 20003 18962 34381 34980 47772 20002 612 21537 21572 33543 31285 18975 21576 22540 26577 19419 21592 29331










25662 40029 17590 22507 62449 10037 20747 14955 64737 13364 42381




26870 30929 33190 18493 51201 20043 28483 51230 20044
3079 3048 5575 1935 2059 2193 973 2305 2075 3347 4031 2197 3053 3076 2086 3088 1185 2419 6025 3985 1763 2087 6029 2321 2299

3152 3153 3154 2927 2933 3155 3158 3159 3160 997 3163 3165 3166 3167 3168 3170 3171 2938 3172 2518
3853 3854 2867 2628 3855 3856 3859 3860 864 2859 3347 3863 3864 865 1768 3865 1761
4706 4703











26349 26346 18493 26345 20040 26344 26347 26865 28658 21685 28657 19524 33322 28659 21046 20043







9559 13034 19887 15831 7612 19888 6348 7626 19891 2744 2663 379 2710 8212 9460 2742


3085 2044 1188 1771 4377 3058 1168 3340
















13318 46430 2578 10038 62982 53812 26504 2588 42273 2475 10043

29196 29384 24479 29189 29200 24480 19725 29161 6101 9693 29381 22759 24456

14456 19431 26934 24342 30056 31200 57882






51668 8774 7107 51778 6572










37082 12234 35434 7216 8150 15870 1611 15877 12515 7010 8155


























7527 15985 14461 14538 15989 15988 21500 20023 19601 8097 16047 19619 27311 9272 19743 84 20798 21518 20022









487 379 26010 21488














76176 9003






101155 97426 84589 91355 8133 1611 7234
40586 60115 4223 58840 4241 4230 81169 4219





















35436 35685 4151 24520 6317 33915 45957 45952 16505 53236 4020 35686 4021 20168 45951 53239 4024 44977 5670 44954 4022 38610 53242 26598










57349 56098 53799 66998 32610 55953 53872 57365
4119 4116 4134 4120 2509 4163 4115 1237 69865 4121 4132 2536 4130 43413 50728 4151 5670 2534 4161 51370 2530
28086 32598 32610 49120 44210 44221 58266 44217 58334 57454 44222 55957 59916 58226 57677 24531

4366 245 14236















819 804 20893 26459 15810








6278 93589 52873

25101 29888 33940 33948 39326 39328 29893 33952 24135 17025




84589 67593 89828 27845 97054 7216 8137 37078 97047 89833 96060 37503 78782 97411 7225 12455 12234 40188 7010 7004 4350
865 8761 2867 5355 864 862 5335 5350 8726 2628 3853 3863 2859 5330 8738 9274 13706 3856 3854 8763 3860 5336





33940 29888 29893 25101 33948 24135 33952 30891 6490 17025 22690









62479 8137 7225 8891 62497 54967
12939 12294 12272 9959 15136 11321 11309 9927 11302 11316 11296 7534 12284 16460 9937 11311 9930 7545 14882 17781





2865









6084 6080 19131 17857 19132 2742 6087 17856 7630 10831 2440 2897 26841 6097 10356 19135









4031 2193 2065 3982 2306 973 5598 2196 1761




41057 95815 8784 50996 7087







2563 99 43149 2562 2591 19166 2588 7046

7527 16047 19149 5866 15851 8703
















3058 3059 3060 1771 3343 2311 3344 1168 3345 3346 3347 3063 1169 3086 3350 3351 3354 3355 3070 3074 1188 3062 3364 1185 3069 2044

















14030 1736 14749 3450 14760 14759 9091 32292 12953 16177 9084 12951

5422 33035 4507 5471 34706 34709 10707 5432 26478 12103 5464 12079 30355 27499 21424 37683 34705 5465 35630 5438


















9034 9036 1956 9038 1943 3152 3170 9045 9046 997 2933 3171 6518 4543 9052 3160 5650 2938 3166 9054 9056 9059 3159 3155 5667 7310 5678 9066



23789 3346 3351 5305 3343 4402

16311 15242 40467 31861 7225 84875 8348 5187 8150 9160 7234 8156 2046 4577 16995 8133 12515 24102 1611





3111 3128










3058 3059 3060 13336 3069 3063 3076 1761 1936










23283 16104 2265 3088 3076 3079 1188 23288 23294 12633 4377 7684 13145 1011 6576




8980 8981 8983 8987 8990 8993 8995 9001 9003 9006 9008 9010 9019 9031 9033
4698 5638 4693 62902 25389 8583 71948




















18012 23106 85710 46654 38523 6316 46648 20898 6324 46638 4005 23107 40607 87521






11324 5959 9967 36962 11296 7534 11298 11292 15426 15425 11318 20913 15050 12272















9928 9950 12284 7545 15146 9945 17838 9941 28897 9927 21736 9968 9991 9959



100493


2666 2667 2668 2669





78502 51778 78504 7087 8733 50996





47469 26574 80898 22935



3853 3863 5332 3854 2859 2867 5336 3856 5330 864 865 2628 3865 3859 8726 5350 5329 862 5356 9274 5335 8738 5355 5691 3864



8153 27845 54949 485 3525 7226 63250 63252 7010 37503 63255 63256 7004 6981 24102 4350 426 8132
3343 4378 1197 2889 14109 3351 3344 1168 3058 1188 3086 5280 4402 14117 14118 10800



117 25117 13189 58163 44047 68330 35255



























37554
73002 64561 65596 65598 65593 60565 10989 63754 13380 65606 19884 65595 65594 65627 65611 65589 65647



36106 26478 33035 34709 5471 12112 5429 37674 34705 34704 34706 4507 1337 5422 37683 37684 37690 19895 21424






98964 18181




























21840 81597 39998 69165 30087 19684 8624 49461 40012 63088 8650 63089






355 5559 9901 5378 5381 14894 14895 5109 2154 6902 5365 5399 5369 5367 9056 2922








20912 20907 20909 7119 20931 7114 9157 9164 9135 48714 48716 25367












12904 13377 50634 65267
57210 57211 55944 56731 9003 57219 40592 57224 8987 44233





3058 3059 3060 3062 3063 3064 2311 2880 3069 1932 3070 3071 3072 3074 3076 3079 2054 973 1168 1773 3085 3086 3088 1936 2044 3093 2890





2065 1933 1932 2062 2052 2085 2066 2054 2415 2063 3042 2416 3832 2053 1934 1768 974 8257 2075 973 3996 1761





















1611 12217 12218 9165 12219 9160 7004 6981 8150 8133 5039 2550 8348 7234 7010 7216 12234 7226 7212























51938 7513 10251 3338 911















4457








7653 7684 7693


19905 18937 19387 18943 18935 17801 12844 8703 17810 556 19614 20611 611 19014 19599 19231 21696 12842 19669 597 15851










396 633 394 3233 31246 47688 21653 407 19162 40597

2399 15242
















46887








8109 4109 10138






34955 19091 21592 21574 21536 31307 18975 33090 28651 19063 18973 20287 34957 11 26930 22536 23876 34980 31271 49536 27798














72504 7107 72509 72518 72520

























13337 13341 13345 13357 13364 13375 13377 13380











9171 6489 22551 25368 6517 25367 91355 545 25496 91357 40194

8308 8310 7056 17639 14522 22931 22935 22938 13957 22948 9423
91839 12372 20909 9164 20914 7119 9135 20926 7116 64804 20907 7114 20931 25368
58256 57360 55962 57915 55963 58225 55954 57758 55958 55960 58273 60075 56140 58314 58226 57368 57362 55970 55512 59654































5742 5715 5710











20532 82686 85251 20512


483 712 524 36205 477 727 494 965 484 441 739 520 433 478 419 740 527 429 40921 703 460 500 713 463 470 513 498 468 41263 492 728













14792 14795 3967 3977 27094 27095 19887



13051 3339 13080 1767 13081 13087





641 648 678 679 696


99824 79021 3534 67987 81340 25509 3516 67996 12234 7392 15892












470 49099 455 30881 49103

7200 86460 67593 16023 4347 5039 8153 4346 4350 7207







3982 3048 3985 3984 2085 2193 3473 3347 1767 2063 2073 1933 3468 4031 974 3842 3986 5569 1934 1760 2065 1169 1763 1761 1382 3808 2305 1185 1936 1773 973 3170




















4402 3346 3351




4754 13145 10251 7513 911



51034 4190 32671 23176 72415 4193 4184 4217 4188 37819 37820 47439 75282 8835 23175 28422 33571 51031 10850








23777 29510 23421 28792 28774 28782 28779 28793 19212 28780 28791 23781 19209 40716 19213 2562






76116
























4323 8109 6815 6809






56919 92942 40455 99459


































40086 35436 35686 2504 4151 4119 51370 4159 41444 44233 2536















64069 64081 12515 23033 4436 17157 16042 25108 8153 35993


















53718 4507 5452
4323 8109 6453 6815 6448 8191 6809 6805 6802 6811 8103 4109 6819 6812 8113 6810 4108







997


35630 4507 5429 77721 5432 5422 44594 26478 12103 44579

527 968 740 711





4347 7207 5039 8147 7200 4350 15892 52518 11543 64802 64804 64807 20762 4346
















2742 6080 3884 6084 6087 6089 6094 6095 6096 2187 6097 6099 6101 6103 2669 6107
90994 94054 100198 92942 13706 7107 8733


25708 5022 62919 4614








56926 56929 39961 97415 99726 77404 95815 11279 7087











2425 2427 2424 2428









5941 4065 6556 11411 4067 6545 6561 7240 4070 6526 6540 4057 6534 20647 9445 6563 9693 2740 11414 6549






































6339 40482 74449 3159 74530 7299
12625 13731 12642 66144 13739 16682 12659 13189 12627 12644 34292 12677 12648








49171 4119 2527 4132 51370 4115 2528 4123 4116 4152 2525 4165 4177 2533 2536 4141 49308 4163 2504 69865 48274











4454 15711 14911 15715
17452














7208 7226 8133


27531 20640 20630 52805 74112 23179 30499 12680 38162 52799 21379 75284 30516 23184 74847 51994 26128





16838 16836 16848 17110 16837 4099 5572

75416 8980 44232 8987 45277 57219 9019
34041




80713 40586 60823 4241 40579






74285 79350








46206 29136 59442 41062 7046 49461 61751 19884 21840 63088 60565 30085 34041 24101 2562 22661
31542 22058 74285




















60372 32326 46910 38797 30056


8981 8980 45277 31716 17475 8990 44232 30715 55549 9010 21653 51694 9019 58500






















1042 5599 2304 1177 5598 5604 2316 1195 8024 8039 8040 8041 2305 4031 1767 1185 3520 8049 973 3174 3514 995 3985



1767 3048













18493 26346 26345 26349 26350 26347 28657 26865 28658 20040 19524 45409 33308 45457



3059








18489 19534 18490 19492 18149 19520 19530 19466


40867 7653 16104 66350 4100 7684





5895 5859 11149 8333 8308 27512 19777 217 3442




1011

73458 65361 24704 52198 65337 65335






17169 51470 31445 65772 53239 93926










30818 13213 13191 12681 23166 12659 23159 840 13734 16676 12648 15476 12677 12650 16675 30837 13739
20032 22227 7923 7926 20053 25353 19601 10139 14072 21518 19743

7131 20600 20604 20298 13962 43442 13953 43443 20365 69105 19929 61751 20307

7323 2936 7310 6828 11479 205 13236 4585 3155 5678 86619 3160 7292 78203 7288 5650 194 2927
20527 17594 140 64445 3436 16995 370 2922









8097 19602 15851 5866 19393 12842 21561 7527 16047 23435 12865 19927 14530 15985 8703 19599





















8993 55941 12921 59864 26046






40086 5670 2504













30516 12680 20640

43192 17590



















288 336 17884 258 756 245 17934





6871

3048 3982 3984 3473 3985 2305 2193 3842 3986 3996 3467 3999 2085 1933 2321 1042 1169 3991 2095 5569 1935 2088 5572 973 1185 5575 1767 1761 2065 112
32736 58211 58210 57364 44217 58213 57503 9006 20304 58212 18990 57825 24072 13441 58236 55944 48240











5381 5614 5615 8688 5841 5378 5849 5836 8696 5853 5835 8701 8706 5399 8228 5607 5610 8695 8704 8702 5851 5870 8232 8690 8680 5865 8715 5862 8719 5395 8234



176 16657 967 36997 17261 25543 30510 45270




8024 5599 1177 1042 2304 1195 2316 9886 8041 5598 5604 1169 8039 4043 995 2321 2298 2305 1763 2085 3982 2065 973 1185 2306 1761 1936





93461








3340 3339 5276 1771 8880 2044 3076 5290 1168 3088 3079 3069 6029 4850 3063 3058 1936 3347 1772 3085 3338 2311 1761





85090

8980 34781 8983 9006 42414 54702 18990 8987 9019 30715 9008 8981 58211 17475 57748 56416 9010








973 4027 2860 2196 2304 2095 3820 1767 2880 1042 2193 1761


18436 12515 1611 7010




23026 9406 75308 74299 74110 73975 91570 75321 23184 12680























95228 8137 71303 6992 31864 84589







39157 38555 32672 21137 39162 29720 14030 39164 32655 39170 9247 39174 39176 4676









62497 8137 8122 21272 54967 7225 7234 8133 30564


41057 7087 51778 93492 13706










2589 2588 94572 42273 26504 2578 10043 62546 10038 2586 13318 39746






5667 3160 5651 3154 7785 3155 9045 997 2518









59578 51466 77763


3339 3088 4394 3808 3347 3076 5290 3354 3058 7184 5276 2044 1168 6576


































2065 2085 1935 3984 3467 3473 973 4031 1761






13453 27626 13452 13098 13461 5896 13458 6803 13474 22205 6806 13491 13481 8099



3058 3346 4377 4378 4382 4387 3059 4388 4394 3085 4402 4405 3245










266 260 17906 252 15675 6096 231 258 17752 245 311 17655 15793 264 17913 309 238 17915 702 819 12262 237 239 17650 17919












24345 18616 15846 19674 19658 19337 12854 19331 20597 19343 19665 20194 19339 19986 19667 13958 19661 19664 19679 14530 19669 19659 19668 19670 21691 19680 37223









5280 5282 3808 5288 3346 5290 3351 3354 4394 3058 5305



3058 4377 3076 3069 5276 2044 3059 3072 3351 3070 3088 3060 3063 3085 1761 2311 3340 1936 3339

901 4351 6065 6071 2788 18444 924 7712 387 866 360 7741 7000 381 7721 385 370 140 27443 24946 26606 3451 340 24988 8098 33336 349 20527





5896 5897 213










5399 5865 5610 8719 8704 8690 8702 5853 7117 5870 5395 9911 21050 8232 8715 5849 8251 9901 21037









4428 3375 2650 6726 2428 6969







38573 38569 100364







4663 4698 679 4688 4669 4660 4652 4671
































7267 9135 7114 9157 27757 7116 9170 20907 7115 20909 6508 9154 7119 12367 33938


27845 67593 84589 89828 28492 79021 97047 61773 88178 7216 97054 71728 40188 78782 97060 40189












17223 235







6525 2709
529




4347 7200 14531 12219 31862 40878 52518 15242 20762 8130 31858 52524 7216 4350






14030 1736 14749 5895 1731 14764 12951 12953 5859 14754 14516 32292 14750 9091 3450
49569 23343 56164 55860 24187 56726 42884 890 56276 49117 64883 58422 55928 17031 14459 64889 56972 41802







10000 45883 69105 8637 30061 20600 52203 14390 2586 13954 2578 2588 8655 26504 9999 30085 8642









4230 4595 4616 59072 4231 4281 61674 4223








11570 11577




15715 5869

2533 2536 67899 4119 45238 49171 4175 40087 2504 4132 2524 58474 4123 2503 35686 2528 17204 4151 51370 35436












97275 2664 12262 12260



2524 5670






























11479 5651 33468 3168 3165 4543 3158 2927 3154 11480 997 14640 48339 6835 2936 20517 14784 3170 7310 48350 7279



4157 2524 50645 63328 67045 40087 4159 60663 2504 60677 2522 48274 4175





31531
















70798 73669 32773














1185 1760 1761 1197 1201 1763 973 1765 1767 1768 1771 1772 1773
55953 61031 56098 24529 56155 58218 53872 42586 58589


27845 98078 54954 16039 37082 15895 4350 8153 7004 63256








973






245 336 258 264 309 255 18582 4366 257 231 321 17649 239 310 288 17664 17694 17663 238 260 17655 17757 247 266 283 235 252 229 9883 17650














845 1323
12892 66279 66292 58565

50634 13364 13377 40022 66974 77261 20307 10028 65267 65270 10037





2423 2428 2645 2425 2650 2657 2424 2449 2663 2664 2187


































54967 78823 44435 67996 71042 3534 22061 3535 89828 25740 67993 71033

1169 12767 2865 9433 15899 2253 1185 25609 973 2065 2299 2303 2095 2304 25614 1761 1197 2193 25618 4040 2306 1037 2298 2320






36466 17350 452 482 36464 41428 5958


2628 2859 2860 1169 1185 2095 2865 2193 2196 973 2867 2059 2065 2085 1201 1761












5078 15715 19365 15197 4457 22757 5091 5092 14800 3967 5077 15174 3296 15246 19703 17474 5098 3302 3977 16552 5106











90877 77261 12904














19492 19884






39746 54666 39720 2589 28482 8637 62509
























8784 50677 77404 2399 77414 77431 22660









11377


2713 9545





26656 628 611 630 84


49835 43013 225 12102 12090 36822 53563 63571 3328 8332 12112 63575 63577












5610 8719 8702 5865 5853 5381 8704 8690 5399 5395 5870 5378 5066 9300 9901 5835 5841 8496 5848 9911

3128


20318 19669 19425 19680 20377 19663 19671 13958 17801 15846 19002 19668 20611 19986 18986









55957 58266 58217 44221 58226 44210 58272 25699 28086 55954 57697 57944 42586 58232 57360 32610 32598 24072 58218 55962 24530 56098 57453 53872 57915 57362 44217





6490 27626 22690 33940 25101 33948 29893 71386 47015 30891 29888






14377 8764




6080 6084 19131 1541 17857 2723 19132 17856 2742 2897 2440 19135 2187 6087 3884 15268 10831 15259 15276 14816 6097 15265 6089

33952 29888 71386 25101 39328 33940 29893 39326 30891




















4130 4151 35436 1237 4119 4121 4161 4134 53236 2534 57329 35686 35685 4141 6278 5368 2509 4120 6281 43413 4116








8179 8202 7116 7114 9135 6815 9140 9143 8675 8958 9154 9157 7119 9160 9163 9164 9165 9170 9171








13953 17801 18988 18987 19913 18989 13959 18856 20563 13958 19908 20318 20365 19614 20298 13954 20291 20305 20567 20377




72709 81446 31264 57318 58201 85448 40586






24376 19373 6094 10831 15831





21519 7132 70161







1932
36624 91 42261 88 27 4 20331



7107 8779 72518
4864 23339 1168 3676






217

4223 4281 61643 40591 4616 4230 61653































72967 72978 72981 34267 7510 51933 49879 26606 1939 17594 17595 2911 3436 7533 360





















12686 77794








31229 4258 4230


15831 707 702 26910 10353 9559 19373 15810 19132 6094 705 9921





628 26656 21595 18982 15435









62497 8137 71049 30564 54967 71728
2706 9324 2709 3923 9317 9319 2704 2732 354 2713 2707 10898







2065 973 1933 2062 2063 3064
20600 47470 43443 20604 14388 13962 19907 7131 13954 66845 20365 20298 61751 67689 19925












59442











132 997 3172 15234 3165 5650 9056 1956 14951 2938





67593 89828 96060 84589 71407 97042 37503 6987 54949 7004 78782 7208 63256 37082







7208 27845 21272 7216 63348 12234 9160 8133 37503 24102 7010 63255 7004














4387 2044 3085 4377 4850 4849 3808 6029 4394 4864 3338 3058 3340 3245 3079 8880 8922 4382 5276


100347

64460 67136 69437 23565 22058


18181 33771 59508 95120 57191 74067

30879

4190 4184 4193 4188 51034 73041 4217 72772 32670 23184 37820 20630 30516 23179 37819 23176 20640

12903 17413 18950 18947 18955 16957 621 16954 12746 615 19024 19049 18954 18953 19017 19023 19051 18961 629 18971



12684 8598 8602 3233 4288 12686
















72504 16848 8772 72520















15462 7785 35592 35572 35588 33468 997 5667 3172 7323 3158 3160 34560 14950 3170 3155
















15283 15281 20693 20707 36216 15315 20696 36218 37810 39179 20692 42026 15275 15313 15268 20691



31861 15242 8137 7234 8133 7225 12515 8346 54967 40188 6981 12234 9160 8150 8156 1611



2424 2425 2427 2428 2440 2187 2444 2447 2423 2449















33345 1969 16995 58137 50307 52208 2922 61782 370 363 3442








545 63669 9171







5856 5846 16727 5847 16726 5842 10008 20290 5854 23777 23779 23781 20266 23783 23785 5868 2589 5866 2588
18943 19392 19014 19002 16956 19089 17810 19079 13150 18938 18937 19393 19905 14461 19399 19404 19916 20255 17801 8703 15432 21388 19670 19401 18866 597 18935 570 19394 18940

























46654 6324 53824 23107







70502 40022 43348 62851 69132









258













57801 109 62921 62932 44932 122 4283 40609 40596 31228 21318 4288 4603 4269 4604 80781

44435 71038 3535 67987 68005 71042 3534 3516 25509 71033



101190 101192 8133





96315 88857 38573 84816 38569 65324 42598


















47761 49987 53224 48762 49942 31908 34957 48761 31920 62180 19993 58518



82686 20532 74121

5667 7279 15462 33461 29869 14947 3170 7310 1956 5650 33468 3154 7785 997 3159 21139 9034 3172 6518 14951 1943 2518 2938








57758 58225 57360 58256 55962 55954 55958 44214 55963 55960
20034 18157 36353 18138 21682 29138 20043 20040












8333 44493 33130 31763 8315 8310 38658 38659 7920

25623 1188 23789 3355 25625 1771 6581 1168 3344 6576 5578 3076 2451 16104 3343 1328

15675 266 17906 260 23247 17752 252 17913 6096 18193 20730 4711 17690 311 17915














18493 26347 26350 26345 26349 20040 26344 26865 28658 20043 21685 19524 21046 28657 18494 30921 30663 8247 40049 28659






















3420








29342 55539 9658 7938 44232 41802 9003 8993 17475 407 8987 18990 57803 57060












2867 2628 2859 3854 9274 865 864 862 5350 5332 3864 9275 5335 3863 3853 8726 5336 3859 3855 5330 3865 1169 3856 5355









30663 28659 30664 33316 26865 45457 18493 67225 45409 26349 60111 69437
8122 1611 7212 8130 8132 7208 8133 8136 8137 6981 7004 7010 6985 7216 8147 8149 8150 4350 8153 7234 8155 8156 8159











































8733 75795 51778 78502 13706 40455 75898 7087

33340 27559 11279 61770 12460 16301 9059 4897 2920 26606 2602 7000 23033 2788 16300 17594 3436 2558








99726 8149 63426 99734 7216 8133 6990 12234 58122 39961 99739 8137 6987 7234 696



4022













16921




973 2059 3053 2086 2193 974 4031 4037 4028 2305 2087 5575 2321 1935 1932 2065 1169 1933 2197 2306 2075 2054 2085 2299 2419 1934 6061 1761 1763 1936
63392 67437 60429















3972 3968 3925 7897 4788 4835 8807









24529 59750 57262 57358 42586 53872 57368 61031 58318 24072 56162 61284 57362 56155 59716

















997



27845 98279 7004 7010 7226 74850 15892 4350 8156 8132 9160 8150 63255 7234 1611



















16218 15817 50385 16208 10528



61751 47470 69105 7053 30087 19672 19684 19925


4405 72067 3093 3062 14109 2311 31459 5305 3351 3059

7938 9658 49513 55931 9008 58634 29343 50165 17475 50194 54697 17381 58344 35409

1185 1197 1168 1169 1932 2628 2095 2085 1771 2867 973 1936


4184 4188 4190 37820 4193 4205









3859 3864 5329 3855 3853 5330 3863 2867 3854 862 864 2628 5332 2859 5335 5336 3820 865 3832 3856 4549 3811 3865 5349 5350 5355 5356





9019








20600 68232 28466 61751 10995 20356

19207 19233 9681 19186 19213 19212 19191 19209 19246

























64460 22058 95579 67136




32713











7626 2663 4310 12014 19887 21259 23693 13034 2744 13021 14990 11346 9954 9559 702 6348 2645 2664

7119 9164 20907 9135 7116 20909 20912 20913 20914 7114 9140 9157 12372 20926 20931 9163




35616 7785 2938 35592 35572 997 1969 3160 3170 35588 3172 5667 3155 3154 33468 6518





2562 2563 2568 2578 2580 2586 2588 2589 2591














15476 32655 34267 840








4693 4698 679 4669 32700 4663 4701 4688 4702 79703 4706






23166 30837 12650 16682 12659 13739 71531 34267 23159 15476 34289 97629 12681 58855


101011 25084 22972 6590 23343 12890 17031 51336 23000 78504



5432 5422 23712 36767 5465 10707 33035 47079 36822 4507









901 6065 7712 6071 381 7715 387 151 7721 360 7723 457 367 7725 935 7727 7732 392 344 7739 7740 7741 357







24530 25699 58272 24072 41258 58226 58240




54949 25530 54954 202 37503 63387





















79021 6994 27845 40189 76921 8137 54967 13212 77108 30564 63250 8346 79036














258 252 245 18193 16735 260 18579














63454 21840






1197 2889 1169 3047 1760 2320 1185 1765 2865 15898 15899 2196 1767 2095 1761 2298 9430 2202 2879 1763 2303 2878 2063 2304 3345 5598 8024





















16921 26974 16920


3085 2044 3338 4849 4850 3058 4864 1168 3063 4869 1771 4877 4879 1936 1773


3811 3820 2304 3832 1197 1767 1185 3047 3246 3840 3842 1760









30516 91562 52805

































17919 18163 266 17756 245 17650 23247 4713 24029 231 309 235 18412 260 17694 20473 258 18728 238 247
21388 19605 7522 23241 10224 618
1611 8155 8150 15894 8348 7010 9160 7226 8156 7004 12515 24102 2046
















30603 39361 78058 36736 637 21317 402 36642 78083 40595 30725 17264 913 107 40615 372 53843 30434 3327 395 899 35253




21574 21592 31285 31307 34955 18975 19993 19091 20287 26932 19063 20003 612 20001 49536 19164 33543 31910 21536 20002 19992 8638 90 31919 31912 34957 21572 33090 85 561 71
8675 6815










230 232 237 304 233 246 285 231 235 234 251 247 309 244 268





34781 55921 42414 58532 57913 57921 58294 8981 18990 32738 56425 9010 9006 57211 8987 8993 58533 44225

4219 4223 4230 4231 4232 4237 4241 4242
21050 8251 66207 32190 21037 19739 66219 45637 36343 7046


3059 3058 2311 1773 3060 1168 2044 1771 3338 3085 3339 3340 3063 1772 3076 1936












2399 22660 94054 50677 89996 8784 17222 13706







1185 2059 2193 2195 2196 2197 2065 973 2202 2062 1933 2085 1761
18489 19530 18490 19520 19534 19466 18149 19465 19525 19495



58266 59723 28086 59916 32610 44210 9019 58232














22660





9034 9038 1956 9036 24118 1943 2936 2927 3172 5650 7323 9054 6518 4543 7310 997 4562 2938 24123 9056 24126 2933 3154 3170 14947 3152 5667






2744 6556 9445 13021 6348 14248 9559 23693 2663 45526 44865 10528 2740 6541 15510 19887 2645 24654 21243 10143 2742 19891 2669 33419 819

2187 2189


16837 16848
3511 3534













32610 58270 25699 57453 24072 60075 9019 9003





97054 84589 7216 89833 40188 27845 8346 30564 62497 12234 89828 77108 35434 63426 88178 40615 31860 54949 83664 97042 95228 78782 67593 12455 74974
41553 27491 444 17671 45080 36731 21312 12626 36730 21819 493 41548 14247 41560 14646 30725 637 5674 634 10143 1611 376
















20001 62180










14997






















29287 21687 29291 20040















8932 9665 9666 9674








9883 756 766 245 255 17762 257 258 22056 336 25724 17656 529 264 18193 4366 18820 23707 777 911






4347 7200 4346 7207 7208 6981 7212 7216 4440 4350 7225 7226 7234














































2657 2428 2425 3374 3375 2424 3383 2449 3384 2423































4507 4513
14997 12828 19725 12779 9693 19730 24456 29161 5106 6101 20647 24479 4458 29381 19703 29200 29159 29415 29423

7498 156 3435 19737 7519 217 180 4112 7499




22761 22760 21584 43539 5112 4459 4461 22763 43524 23943 41656 43548 17923 33236 41732 34300














57758 57360 55954 58256 57915 44214 55958 58225 55963 55960 57368 58273 24072 55957 55512 25699 57453 57362 24530 28086 44210 57367 42586 58314 59654
























67561














57224 8981 47119 57219 9031 57211 9019 55539 9006 56721 40592 41435 56731 8983 55941 9010 18990 44230

44241 55098 56137 41365 2620 46279 58094 58096 56140 12918 26046






9324 2706 2707 9500 6712 13798








100535 100537 8642 30087


6980 10604 2922 64698 909 22061 71533 31643 16660 98023 5668 79534 15836 49889 5824 7515 2046 1611 3442 8150







69218 13341 13345 2568 20288 91193 13337 2475 10999

85173 85171 16311 40467 52209 89612 31861 62946 8133 8149 7234 4350 12515


4119 4175 2504 4159 2500

29283 18487 40579 21687 40586 60115 4230












973 2085 3982 2065 3984 3842 3985 3467 3986 1933 3988 3991 3473 3993 1768 1761 2880 3996 2202 1177 3048 3999 2193 2088 1767 4002 1936

5710 5715 5743 5735 5699 5742 5700 5813
309 17664 247 260 231 258 17919 18412 264 266 310 17756 245 255 318 272 17763 17932 15675 18163 239 17226 336 237 238






7826 14633 14634 14635 14636 138 14640 14641 14642 10071 3170 997
48825 35253 35255 48804 30434 63448 48815 117 59588 48575 35252 50184





























2052 1932 2057 2053 2063 1934 2062 2055 2065 1933 2067 2054 3467 2056 3043 2066 3468 1169 2073 3048 2085 2071 3473 1765 3243 3041 2072 1760 3047 2196 2095 2193 973 1768 1761











32773 11907


7226 7004












7684 7653 40867 20769 10234 18099 40853 13081 4100 66350







433 494 474 958 520 460 483 419 464 492 957

25574 25577 14990 25585 24364 25595 12014 4310 7626 14548 11346 20964










7785 35592 15462 35616 35588
19658 19339 19337 12854 19674 13958 19343 19668 19331 19661 19669 19986 18616 19667 14530 19451 20194 19659


















































10998 58509 69105 63399 20354 37741 19934 7145 19746 79021 74945
















31610 19049
47728 4232 62919 9661 79799 25708 79789 77289 109 26628
3375 6561 2650 354 2709 6101 2713 2669 3977 2715 5674 9918 9921 2742 2668 2744
23294 1328 1188 23789 3344 23288 6581 6576 12638 23797 12633 10196 23798 1201 23801 2868 4100 1757




7000 1982 3436 49879 11279 15895 17594 51652 16995 55434 20527 33343 88176 61782 3448 5055 41354 23372 5586 1969 140







3339 3076 4394 3088 3079 5276 3355 1168 6576 5572 3808 1936 3354 2041 3340 1772 3347 2044 1773 973 1761





3564 5680 3676 3680 52359 3649 10043 3647 46430 42273 36419 26504 14955 2589 8332 2588 997 2046


45382





























65361 24704 52198





9659 55941 9019 9010 4911 42350 26437 56736 55944







20907 20914 20909 7119 9164 7114 20912 9143 9163 19207 7116 9681







1050 1006 1009 1323 1011 1021 489 4099 4100 4102 4103 911 532

















25753 5356 5332 2628 2867 3854 864 5350 5691 2859 865 5335 3864 3856 5330 3865 5336 3853 862


231 251 237 244 229 232 309 245 310 285 230 247 17750 268 260 17664 264 266 22643 252 239










3058 3343 3062 3355 3071 3345 1188 3346 3059 3350 1168 3069 3060 3076 3072 1771 1185 2311 3063 3086 3070 2044 3808 3088 3339 1772 1936 3340 1773
33331 2788 17034 2920 33336 12349 26606 1969 3448 3436 33340 16995 31643 909 1982 33343 7739 7000 5262 33345 8098 3183 11279 3451 360 23372 140












30048 46910 70839 46905 19746 14564 8645 7142 7145 16279 7143 20356
408 862 864 865

20619 14247 30438 43774 12626 35896 30462 41551 43757 30516 12680 28805 43759 11095 36731 27491 46341 15796 20640











7279 4541 29869 3160 7288 5678 5650 58863 3159 2936 194 13236 2927 9045 7307 205 132 5667 4558 48339 7309 3154 1943 7785 4585
6490 22690 13481 30891 13465 22415 548 22985













3442 58118 16660 15836 14949 32043 39251 2922 31643 220 16311 4110 6980 71229 18432 7531 18436 7515 15850 74058





9302 8675 8113 9367 8973 6811 6812 4323 8175 8109 6805 6453 9315 6815 8679 6810 6448 9377 6802














3058 10800 3339





























597 20339 19086 19978 19012 19006 22533 14530 18972 19602 18984 20257 611 19661 18939 19599 85





5846 23779 5856 10049 23781 28791 5847 23783 5854 23785 23777 2589 20783 39709
















59517 4669 4663 4698 77057 4693 679 58545 4688






17819 65324 46887






89605 92942 40351 56919 88639 96910 93874 96918






3058 4877 4382 3059 3086 3062 3070 2311 3063 3060 3808 8922 4378











57210 57224 58532 57921 8987 3229 58294 58749 58533




















4619 26873 61703 404 1238 5390 5373 17475 4230 45006 5109 84319 79310 69882 926 5370 5384 44887 12892


















55517 55496 9033 8981 41281 17475 44232 8987 45277 9019 55539 40592 30715 9010 41427 40597 44230 8993 3233 55549 31716


1933 1932 2057 2052 2059 2053 3038 2054 1934 2063 2062 2055 2067 2065 2075 3040 973 3041 2196 2087 3042 3043 2089 1935 2066 3047 3048 2073 1169 2860 994 1185 2879 2299 974

















8110 8675 8113 9302 9367 8973 6815 6810 4323 14071 6805 4109 6811 8679 8175 6812 10139 14072 9377
63709 7208 31861 40189 31862 27845 12234 9165 3516 4350 24102 8132 37082 7234 9160 7010 7004 6981 8150




























27845 98090 89834 37082 8153 19744







3074 3058 2311 1773 3085 3346 3060 1936







10546 5375 5109 10551 5365 10559 10560 10566 5378 5368 8232 5381
















10613 4921 20214



5997 1323 6685











840 13223 266 13225 1235
7429 403




88031 71141 38658 92749 72967 34267 14955 31563 20747 10037 12684 542 63088 21840 9171 7004






20977 20976 17076 10353 20981


























973 2298 2054 1763 2299 1185 1933 1932 2303 2304 2065 1761 2305 1936 2306 2066 2053 2085 2057 1934 2202 2310 2311 2312 1772 2095 2316 2253 1767 2062 2196 2320 2321 2322 1169 1197


1185 1197 1761 2320













12024 6348 7626 2663 19887 21259 20514 13034 23693 23695 5941 6089 23698 2744 9559 2669 819 14816 252 6095 13026 23703 6350



85171 16848 13706 98023 85172 8774 6590 100308


81766 93130 39254 14942

23247 309 24029 231 17756 258 17226 17664 245 17757 24026 237 18164 20473 247 18728 260 17650 252 266 18412 18579 238






26346 26347 18493 26345 26349 20040 26344 26865 21046 26350 19524 28657 30663 30664 19603 21685 20043









77483 96381 1735 9203 22061 4577 2046 909 2372 5824 11577





26506 926 44246 56487 79778 4994 80703 44254 42278 4597 47727 892 44259



3074 4378 3345 5305 10800 3343 3808 3060 2311 3062 10811 3058








217 220 11190 7498 7519 11192 11150 11196

10353 6080 9559 19373 19132 7626 13026 17076 6094 819 19381 9921 702 2663 6084 2744

87559 93084 6319 63434 46053 71348





38828 23907 54487 77794 77789 72019

19471 19465 19466 19492 19495 18489 18149




14564 19746 30069 46905 20356 22661 60429 19936 7142 69982
1011 3503 1328 1059 1023 1028 2594 2322 1006 27319 1050 2299 3174 4742 1763 2306 1185 2312 1021 1761









5422 5429 4507 10707 27499 30355 5432 34017 35395 34706 34705 26478 12103 5471 33035 23712 5464 12075


1229 1230 1882 5408 1234 1906 1227 1878 1854 1849 5409 1225 1213 2151 1236 1217 1214 1892 1894 1842 1216
7087 50996 51778



7208 7216 15242 15892 9160 7234 12515 24102 1611 63255 6981 8156 7010






2677 2202 972 2880 2299 2306 3877 2253 2675 973









47728 4617 4620 25708 31244












57453 42586 24529 24530 58218 902 28086 57368 44223 9003 32608 25699 56155 407

21137 38555 39164 9087 9247 9084 32655 27493 39162 39157 39170 14636 21133 39176











65028 65032 65034 65036 65037 65038 63426 65043 65044 10597 7515 39961 11921 394 15368 2502




4290 38325 4025 31441 33230 6320 44976 45957 6301 44971 44980 24520 45951 31444 32655 38610 27559 4148 4021 12624














51826 32603 22290

3165 9052 3160 13236 2927 3155 7292 3170 2938 3182 3152 2936 15462 3168 3159 44717 1956 3163 25995 997 5650 6518 2518















433 495 460 30881 494 23119 429 520 23023 483 43125 527 419 31026 477 463 524 501 703 41261 713 717 423 464




92942 101137 89605 93874 78504










89580 89587 88639 2399 68928 89605 40351
57219 4891 9003
7143 19934 20354 30058 63922 7142 7128 28466 20356 63923




14942 39241 39237 77293 70652 32045 87641

217 11144 191 11149 11150


44267 50188 50180 111 116 40615 20901 78081 68315 80148 44246 48815 36642 96155 4609 107











8308 22935 42483 17639 24823






19323 99231 18428 25015 18436 25009 14949 26608 18432 26604 7499 39251 7519 98989 35313 17591










6828 138 7279 7826 901 3856 7309 5691 3865


21406 24334 717 16521 14136 5379 5384 5365 9643 42883 54698 54700 5397 5387 27150 9642 5401 42722 5391 54690 54691 44241 5109 29343 724 1238 12918 54704 7938 5390


22661 19936 80157 19746 20207 60429 31200
















4577 5824 3511 5825

2859 2867 2628 3854 6574 3853 9274 5335 864 865 3863 5336 8763 862 3856 5355 5332 5350 3865 3864 3859 1169 5691 2865 1185 5330 3842







3564 3647 3649 3653 3661 3665 3676 3680








35253 117 540 534 58163 64564 13189 25117




















26574 28472 44493




















5569 2088 3996 2085 3048 3982 3473 3984 3999 3467 3842 3986 2416 3985 2415 8163 2063 2865 1935 3991 2065 973




2475


65593 10989 65589 65594 65595 65596 65598 65599 65592 64561 60565 65606 19884 63754 65611 13380



8891

25589
14392 41065 9611 41062 8650 7046 46206 41066 29136 63817 14394 21969 9680 69165 7053


973 2085 1169









2672 2674 2473






10942 9331 10413 3384











17340 17344 17341 20594 17359 21074 22332 17317 20583 21073 20578 21085 9559 20574 12926 20573









3063 4864 23339 3069 3350 1188 1771 3062 4382 3058 94169 3364 1168










13739 79305 34289 16682 12659 12681 58855 12683 12650 34267 34292















3808 5290 3074 3354 4394 3076 5572 6576 3355 3088 3339 3347 10779 5276 8880
74285 95579 31542 79350
44254









42883 2620 44241 12918 69612 55098
40383 67561








20829 20819 20820 20852









51371 72698 4176 4152 49308 17204 2525



















12684 5622 4230 8602 14909
20690 20707 15283 15281 36216 39179 15315 42026 36218 20692 15275 37810 15268 20696 15313 20691 33594








2456 1278 1288 2465 2752 2447 2428 2424 2425











3085 2044 4377 4849 6579 4850 3079 3058 4879 1936 3063 3339 8880 3347 4877 4382 5276 1771 3076 3069 3340 3060 1168 1773 10390 6029
10559 5375

18489 19495 18490 19520 19530 18149 19466 19531 19492








8308 9423 22931 17639 21523 8333 22935













89764 71948 5635 62902 25389 40333 5638







18950 16957 621 12908 17822 18961 629 17413 564 18971 554 16954
50521 26931




















36875 36844





















2354
12234 7216 98023 8149 8137 35434 19744 58122 54967 63426 8133 97415 83660 86660 21272











3344 3347 6576 6579 3808 6581 6582 3354 3060 6590 3048 4394 862 1168 2342 2334 3076 3058 1936 5276 3088 6599 1773

24072 58649 44223 58218 57368 24529 56162 56510 44225 58226 53872 42586 902 57700 24530 57262 58318 61031 57823 58238 28086 57358











7920 8224 19196 17798 569 12869 39 5871 28648 14455 45026 19215 602 6821 17047 9191 19841 47313 23235 8171


































3971 14802 14800 915 15195 14811 14795 17244 3977 3967










54666 8637 2483 30062 23783 2588 16047






























3808 3344 6581 6576 4394 5572 10779 3347 3354 1771 3355 81750 3985 23789 60695 81754 1188 68939 25623




15242 8348 37078 86660


851 3897 3907 3915 3923 3925 2707 3936

1225 1236 1906 5408 5409 1227 2151 1854 1230 1892



3820 1177 2306 1767 3840 1932 973



33191 26870 33190 51230 18493 51201 19524 20044












9462 6084 6080 44865 2742 20647

413 292 17296 22525 17307 17303




9937 9927 9993 9944 9965 15128 15124 9939 14872 14882 9949 9958 9966 9930 9988 12288 11311 9978 25558 15152 9957



8122 8137 40436 73129 7234 8133 85172 63709
4046









26204 13452 48860 13462 13458


22227 7926 42331 10139 20053 7923 19601 20009 14072





997 3172

32092 57504 9019 44217 9003 50165 407 75463 4911 24072











21537 22200 39720 54671 31899












13462 13465 69090 18851 13452 13476 13495 19292 548 13497 22972 13481 13498 22205 22977 16276





4507 5471 5429 26478 34709 34705 19895 34710 5422 37683 34704 21424 35339 12112 33035 35395 36106 37684 37690 35630 34017 7946 5432



3971 14800 14802 3975 3291 3967 3977 14792 14795 19198 9559 10413 15270 19888 1235 14811 8831 9918 19263 15264 5897





5691 2334 3865 6055 2342 5692
58122 7216 63426 78782 12234 65028 8149 31860 4438 83659 83660 26068 40878 30603 39361 40188 35434 83663 913















4436 30768 4440 4449 29083 4455 4444 5653 4438 15895 14807 22761 5111 6101 9160 9164 1611 8150 7010 7119 7226 8133 7267 12515 7004


30751 29717 7113




























92942 89605 89580 89708 68928 81754

32608 31840 8978











612 22540 23239 20347 19980 33547 22458 19978 26926 19419 31915 26931 20377 19986 26932 31540 15432 19164 21537 46403 55208 31922

865 864 8724 5355 8726 862 5335 2628 8733 2867 7078 8738 7087 3854 5336



31235 31261 4619 31264 81169 4230 9647 26873 4620 9661 404 57318 44887 60115





64748 93349 23166 77431 16682 77404




16956 8703 5867 7527 9999 19916 8097 15851 14530





31862 79036 385 8137 15242 88176 8153 40188 74974 25108 7225 54967 8346 64802 88178 4440 8133 28492 63256 3535 24102















50928 31521 28051 2714 648
















7785 35572 35588 15462 35616
2085




13094 13093 8706 47038 5849 8701 8688 8234 8693 8700 21036 5614 9315 5381 21046 8250 8696 19603 8242 8247 8245 32193 32025



7212 12453 6994 79021 10604 12694 6989 1611 89125


4151 35686 35436 35685 5670 49103 41444 40086 2536 4119 4130 69865 4134 6317 2504 2496 9019





27






1185 2626 2320 1197 2095 2878 2879 1760 2880 2865 2310 1028 1761 1763 1771 2298 1932 2306 2299 2202 974 1042 2889 2197 1933 2890 1767 2891 1772 1936





9171 25367 91357 6517 25496 25368 22551
17268 11937 7299





















8110 4323 8113 6811 6453 8109 9302 8973 6812 8675 6815 6805 6448 4109 8175 6810



35434 79021 12234 16039 7216 7004 7226 98537 4350









71703 71746 71728 12464 12460 12454 6985 8348 15242 37078 15895 6989 71710 22551






























34600 958
2046 4577 11921 7515 12515 11543 79534 47100 40467 16311 39961 22061 96381 3799 84875 65038 35876 8095 84873 65036 2922 29053










22661 19936 20604 31544 19746 14564 31531 2562




4230 4223 4616 4598 9647 109




13212 52524 40878 27845 54967 27855 7226 7004 4350 7010 37503 8133 6981 63255 7234 1611



84589 6990 7212 1611 12455 63709 15895 7225 12515 9160 8348 54967 15892 8137 8150 7234 84597 8156

















554 576 571 45711 557 27787 18974 41 51529 560 605 17822 567 73 630 608 18970 7137 18961 19455 29239 18944






40579 81578 81169 62885 4241

8650 46206 14364 19660 7139 13954 26986 8647 20600 8642 19884 7046 2562 20356 30085


30056 30046 67509 31549 64383 66189


34504 14584 47844 14609 14602 10637








67987 71033 97060 44435 25740 84589 49183 71728 7392 3534 67996 3516 23851 3535 3532 37078 25509



31643 49886 94042 10604 74058 32043 33340 2922 15836 17155 70928 6980 909 7547 2787 3442 25009 64697 65036 100237 5668 15850 7515













16682 97635 13739 79305 12681 47843 34292 23164 23166 12659 12650 34267 73522 71531



1982 5055 140 57532 61768 27443 2920 3436 39253 3440 17034 20527 49879 61770 23372 61773 3451 1969 61775 52208 8098 61782 29826 17594
9008 50165 37570 57452 36165 55966 48240 24531 38334 29342 55920 58388 55500 50493 9658 59029 47252 44220 56419





14390 46206 62982 9611 40012 13318 41066 10559







21736 7545 15146 44200 17838 9928 33390 9936 9950 9991 17817 17814 12284 15142 9968 9943 9966 28897 17842 9941 9949






6096 15675 260 17913 266 15793 17906 252 17915







16311 52209 40467 62946 85171 65036 10604 2922 85172 85173 5824 32043 2046 6980 11921 3442 16995 7004 7234













7119 9164 20909 9143 12372 20914 20907 9140 9163 20912 7116 16676 7114 21386











1679 15870 13081 16104 7684 16110 4100
81550 79991



18191 31521 32852 4713 28051 30540














16828 88020 51933 15877 72967 34267 51778 88030 88031 7107 72509

4906 81272 84816




6572 8763 93492 7078 2628 1936


2399 89996 8733 13706 57371 51778 7087 90994 8784 90998
















42401 8648 25411 19533 19515 73365 73416






















2664 12260 12262





















3074 3086 4388 29114 3351








3302 3296 5113 5106 3300 19703 13914 3967 14800 5092 4457 5091 5078 13911 5077 14916 3977











24707

25023 11321 9989 11318 9959 17771 11296 12939 7534 9927 9928 11309 16460 11324 12284 12272 9930 12294 7545 9944 9937 14882 9958


















61587 61590 61609 27043


57920 58587 42414 58589 49121 55953 902 9019





997 6518 6835 14951 2605 4541 7323 57695 3172 2518














14792 14800 3975 14795 21626 3977 9918 3971 2744 21629 5897









7145 30045 8606 67497 8619 8633 65699
19744 97415 99726 39961 56926 56929 8137 27845 62479 8153 8346

















2744 819








26920 91476 29826 33345






59634


404 4619 31261 26873 40605 4223 31264 4230
13743 12659 12681 34267 20512 13739 71531 79305 840 79301 15476 20906 93602 82613 12650




13234 86619 7323 3158 3155 21630 5650 7310 2936 9059 32808 5667 12427 50392 3154 9056
21050 19739 21037 32190 36343 45637 5399 8230 5865 66207 8702 8247 60876 9901 5610 24145 8232 44711
20002 20003 33543 21572 18962 21576 19992 26932 18975 26931 21537 31912
52351 44993 53612 51825 62830 50186 2523 48831 2516 48368 48625








258
26574



866 185 8090 140 18569 10091 168 3451 8613 18574

4897 54191 31427 81766 16657 4917 4920 88176 4902 4913









33651 33643 43196 25545 19795 20044 618 13098 16050 19605 41794 7522
14388 20600 20365 43442 7131 47470 20604 13954 61751 13962 43443


9462 6094 2696 25005 6080 2742 2740 17187 15268 1295 2744 10528 2669 10416 819































93089 64005 91992 46053 23107 6324






20619 20630 12680 3111 20640




2312 3174 2879





















14530 19677 21594 19666 12853 20597 19667 19444 19661 19927 19674 24345 19404 19669 15846 19664 19425 19668 28646 19986 19683 13958 26995 19658 19016 12854 19670 19343 19665
49121 56148 58236 38341 51376 57803 56098 55953 55933 27557 56155 41365 25699 902 42586 32608



1760 1761 1185 1765 3243 2062 2299 2067 3038 1763 2065 3047 1933 3043 1197 2063 2310 2089 1768 2054 1932 2306 2066 2320 3245 2052 3246 2193 2196 2059 2195 2055 2095 1168






5941 6526 6549 4070 7240 6534 7248 6545 6541 11411 6561 6527 6566 10528


12918 44241 55098 2620 12921 12926 41365 42883 56141 60648 32608 56137 56142 58094 46279 26046












25850



















36205 441 484 727 41263 40921 478 41251 483 501 36466









6290 4158


5599 5598 2316 1177 5604 8041 1042 9886 2304 1195 8024 3514 3832 8040 974 3820 3520 1169 2197 9891 1768 2086 1760 2062 1185 2306 973 3982




20003 31200 46403 44723 19055 67474 49942 48762
554 630 23912 567 24313 18961 18970 38240 72 17829 85 597 90 561 5868 564 19164 71 582 608







20829 25389 20820 20819 5638 5674







































3043 19684 19660 8650 33663 30087 21840 60565 30085 7053




40012 13954 7131 7046 30085











9929 29319 9972 17835 29071 14870 34999 12294 21736 6521 28897 7545 12272




360 5630 5620 6602 901 6611 6614 2788 1969 387 370 408
362 10678 129 2753 2781 112 11098 918 18108 332 14548 408




415 487 379 8012 14993 417 376











29384 29158 29189 19725 29196 9693 24480 29165 6101 24479 24456 29161 20647 29423

















92609 33340 16995 20527 51652 866 64763 52229 17594 385 61770 50307 33345 18444 140 33343 92620 64445 8098

79799 79789


20069 15715 3296 4457 15197 15174 5106 3977 5078


3977 3967 14800 3300 14795 4457 3975 3296 19365 3971 14807 15174 5106 10413 14792 20069 15404 5078 14811 19703 10407







8703 19384 19339 19400 19331 19337 21682 19922 10007 20194 588 19148 19658 19679 19659 19207 17810 19343 8252 18616 15846 5866 21665 19674 12854 18555 11531
















24341 14526 10998

4911 24036 42350 57112

2342 2354 81754 16231 81750 16236 3865 2372 2334 96037 5691


231






















217




18138 18144 18149 18157






24528










62497 30564 8137 71064 54967 62479 21272 8133 7225





24409 72059 13336 14109 4378 10800 72067 3093 14118 3072

74285 43201 79350


1625 1643












































34267 840 12659 34273 71531 15476 75282 12681 34292 16682 23159 23166 12677 12625 34289 79305 12648 92286 79688












40607 21318 40609 78060 60456 56176 4616 81117 18487 122 31228 81125 81110 4230 40583 17065














36016 43501 22479 7144 31200 38663 58518










41280 55496 55517 9659 9033 9019 40592 24036 8980 376





4232 4969 80781 5022 31261 61643 9661 4284 4223





49177 8133 15242 7225 40188 76921 7234 12515 6981





























26822 26981 14134 26841 27003


19601 21518 19743 10224














3923 2709 9319 9317 2732 6346 2719 9324 3688 2706










7208 27845 21272 7216 63348 12234 9160 8133 37503 24102 7010 63255 7004


20512 20532 91012 85251 32260
67593 8153 37503 27845


96918 81340 8346 21272 8137 7004 1611 7234 7226 63255




16848 17106 16838











3865 5691 5356 2342 16231 16232 16236 2354 2334 16248 5350 16256

63 20178 39709 5854 5846 5868 39729 5847 10049 20290 8684 5872





8981 8987 55539 56721 32736 117 54562 8983 9019 396 57219 44230 30715 55549













9171 98034 74306 545 99 98036 63669 546 25496 87993 24268 24101 6489 48525 40194






4958 4981 5006 4961 5022 5023 4598




30606 40596 122 51796 46638 4269 44932 4223 62932 70975 81125 6319 24406 25122 4230 57570 20898 9457







3159 3158 3166 14634 21632 3155 3160 12427 6339 4562 9052 9054 11480 9059 9034 3431 3154 3168 2933 13230 34560 1956 13236 14641 40482 3152 3416 7323










4671 23288 1323 16104 13145 7684 7653 911 4100 20769 10196 51778 40853 4102 489 826


13465 13452 69090 13462 13498 22972 13495 91949 548 16276 13458 13453 25094 22205 8099 13476 13481



32598 32610 44210 44217 28086 57454 49120 24530 57697 37570 24072 25699 57677 58335 44222 24531 36165 59916 42586
99816 57371 16828




20044 41794 5896 19605



















11302 85839 7534 11298
10551 5860 5109 2154 5365


19515 19492 19520 18149 19495 19465 19524 19525 5896



















































9647 4619 404 45006 79310 5373 26873 1238 5390 5370 60889 5109 69882





21597 41247 19925 64402 54232 61751 55413 19660 19672 19936 64373 8650 26986 24338 63754

































9485 8520 9492 2706 2704 9494 353 3907 9319 2732 2709 9317 9318 9501 2187 3698 3936 2713 2707 9324 9470 6346 6902 1235 9921 2669 5897 2668

















90225 90238 3128
































754 756 29265 766 750 751 777 32388 752 9883




51371 49307 17204 4132 4152 4177 51375 49171 4176 4115




415 8012 529 17320 17329 427 21309 21063 17332







15846 19343 19668 13958 19680 19671 20377 20318 19662 19658 17801 14530 19425 19663 19667 19337 19614 19661 19339 13953 19674 20222
17438 2602 23033 2611 17157 2600 17441 57516 20527 31643 2604 5669 14641 49901 370 7515



8958 6815 8937 6820 6810 6805 70315 4323 6802 18962 8113 8186 20003 6448 4109




2522 4175 60653 4159 60654 48274 4181 60662 60663 2524 60677 51378
































16181











3076 3088 23308 3079 7684 8880 10243 16104 6576 489











6075






15870 6981 15875 7234 6992 1611 15877 8155 7212 7004 8133 12234 8150 8132 15892 6985 8348 7010 15894 12694 15895 12217








55953 76158 40592 633 76165 9008 44359 2620 57504 9003 396 7938
36593 30066 26932 22540 18962 19419 64 31917 612 23236 42 20003 27 21537 21576 46403 33543 19071 26931 21572 20002
















22690 66207 7307 997 3172 7321 35616 43201 7310 15462 21632 3160 13236 3158 14947 13098 27626 2927 3171 6518 2936

14955 67112 31563 542 64737 42261 64818 95044 70395 88591 81117









7938 17381 29343 58966 35409 50194 51982 9658 46028 47252 40592 8987 29342 9647 9008 49513 44232 5391 9019 47337 44230 57504 45635 24334 23617 40597






95769 34292 12659 16684 16682 34289 12681 71531 13739 34273 92477 12648 12675 47843 38536




109 62932 57801 62921 4603 82421 884 122 902 213



14564 20356 7145 19936 21597 7142 60429 16279 47484 22661 37741 16277 20354 30069 30048

















































15276 15268 15275 15303 1235 15270 15264 33594 24652 15259 9770 8831 15283 30616 15265 10509 1541 15278
30516 91562 23179 12680 93533











14807 21626 14795 3967 22354 3977 14796 3971 14800 14802




17475 29343 17381 50194 35409 46028 51982 7938 45635 47252 47337 57504 5391 29342 49513 9658 45008

















1185 2626 2306 2320 2095 1197 1761 2628




34877 73129 65420 22508 89395 12453 99947 99726 12234 21272 74850











94705 4241 4616














2922 31643 5668 909 6980 2787 49886 3442 49889 49901 16660 10604 49910








6490 29893 25101 30891 27626 71386 29888 33948 14950 33940 17025 7785 29885 24135 39328




3085 3058 2044 4377 3338 1773 1936








5667 29869 6518 14947 65422 7310 33075 14226 5678 997 194 3154 14951 67071 52209 33468 9034 5650 2936 4558 4541









8761 8724 862 8763 8764 8772 7078 8774 865 8779 2628 6572 864 7107 8784 7087

















2059 2086 3053 2321 2195 2305 973 1763 2880 4037 2087 2299 974 8049 2306 1933 2085 1761


2776 2428 3501


5006 4958 36826






























4184 4188 4190 4193 4197 4201 4203 4205







51375 51371 17204 4176



2342 2354 2334










19207 19233 19192 19186 19209 19213 9681 19246





















16828 97495 57371




11950 4562 9091 11938 32292 997




40176 8147 15894 7234 9160 8137 1611 8133 4440 6981 7010 7004 8156 40188 15877 9165 40189 24102 7208 6987 7216 15892 40194 15242

413 17345 17307 17321








25101 29888 29893 39326 33948 30891 33952 24135 6490 17025 22690 7785 39328






92755 66403 51201 7132
34963 44847 49536 47858 34957 34959 68837 22536 8638 11 65165 58 36601 31908 49942













1541






98023 54967 8137 21272 8133 85173 7225 1611 63415 15892 7234 30564 15242 9160 7216



7515 39960 79534 65038 8095 5824 16311 96381 39961 64697 84873 17155 10597 11921 65036 11543 84875 17157 49889 6980 47100 909






7545 9928 9936 28897 17842 9941 9991 9950 9927 9945





57434 88619 74123 41548 7216 75308 8137

44241 2620 12918 12921 66647 12926 56002











12075 8496 7946 5432 34017 84055 5465 5422 2303









419 513 957 484 712 36205 40921 483 733 524 463 501 727 492 441 478 433
4619 9647 404 61703













51778 8137 6994 8133 7234 28492 27845 1611 6987 6981



9353 6448 6815 6810


3076 51778 3355 8733 5276 3339 3088 60695 10800 75898 3347 2044 78502





33075 14947 51865 6518 14951 2518 997 5678 21630 2933 50299 33468 9059 5650 56926 5667 3172 2936 7310 3154 2938 14226 32808


















2504 5670 2524 2528 2500 4159 40087 4132
























32240 33771 56178 20524 59508 74067








19447 19446 22463 20470 18963 629 19408 22461 22467



















865 864 862 2867 2628 5335 3854 138 5691 5692 2859 3865


























7063 7078 7087 7092 7107


17340 21073 17344 17359 22332 21085 17369 21761 20594 17317 17353 17451 3291 24532 22525 21747











99955 8348 1761 8133






65324 46887 17819



7920 19196 8224 8171 28648 22492 19841 569 8170 39 58204 28861 47689 17054 6821 602 19215 18486 23235

















10989 65594 65589 65627 65595 65596 65598 65606 64561 65611 65599 65593 60565 63754 19525 19884 65643






372 402 637 30725 30434 376 39361 634 893 48815 393 48810 12642 881 35253 30603 8015 53843 395 636
8608 46475 66164 38798 38797 67764 48358 45945 30046 7145 51241 37741 8617 47554 19746 45607 68232 50870 14564 58507



2744 6556 14248 16205 13021 2696 9445 21259 13034 45509 9921 2740 9918 2742 19887 2669



6526 5941 6540 4070 7248 6545 6549 6527 6566 4057 7240 4067







51470 80695 17169 93894 31445 63434






22690 29893 25101 47015 6490 33948 29888 30891 33940 22985 13098



34963 14537 65165 20207 19418











7310 5667 2927 5650 11479 14226 48339 29869 9045 7323 2936 3158 33461 6828 6518 3172 14951 9036 13236 33468 9034 4541 77079 205 997 14947










217 11149 3435







1771 3355 23294 6581 1188 14117 3076 6576 1168 25623 3339 5276 3808 3347 6582 3079 5290 3343















2065 1934 2059 12251 2088 1933 973 1932 2053 2055 2052 2193 2085 1761
17047 17048 12684 8602 5859 52 569
18856 18144 19207 18138 29136 20034 21665 29138 19192











31049 16508 14795 10407 14796 12989 3971


50160 17155 16300 58122 58125 57887 78782 78783 58118 16305 1973 52208 7515 21272 8133 7010 6987 8156 140 11921 16995 7392 7226 12515 1611






10604 2922 31643 17155 49889 6980 65038 16311 86666 49886 64698 71533 909 32043 62946 65036 15836 30501 70928 99947 64697 10597 11921




1674 1679 1037



17746 15343 17452 23510 16008 17567 15619 14802 15195 3971 812 17565 22761 15194 17445 18173





96381 57516 39961 5824 7515 8095 31643 11921 15368 17157 22061 65038 39960















34978 44847 47858 34957 11 49536 34963 31908 49942 58 31540 68837 34959 7145








804 24159 26469 28102 26471 24164 18106 819




9604 18555 18560















8648 42401 42437 13375 73365 73375

20005 15989 21518 19160 19601 20798 15985 20800 19743 14461 84 20611 10224 20023 19836
42414 55980 18990 9010 9006 32738 41258 8981 56736 54702 19907 56739 14388 8977
















3324 461 417 2663 7010



















12681 12650 13213 71531 79305 23166 12659 13739 16682 34292 34267 34289 12675 13729 14651 13743 23159 75287 20906 12625 30837 34273
























47079 4507 5465 85178 5432 26478 5422









18164 258 17757 18579 17932 18412 17767 18163 245
19672 8650 19684 33755 24338 7139 24339 41247 26986 33663 58787 19925




41 630 23912 19089 35302 73 38240 554 19079 605 18866 567 17829 19401 20393 19036 18961 571 19023 77 24 19071 31363 612 628


6545 6556 9689 9691 9693 6526 9715 4067 2734









16836 16838 16837 16848









29720 41802 54569 395 7938 14636 29893 55860 29888 39328 902 117 890 997


65599 64561 65593 65596 13380 19884 65606 65611 65598 60565 65595 65594 63754 10989







17140 31610 19072 19049 17134
5588 17899 48339 87837



2709 13798 6712 9500 5559 9470 8540 6696









18493 26346 26350 26345 26344 26865 20040 26347 28658 28657 33322 21685 19524 30663 28659






6692 6696 6712 6525 5984







47252








1932 2065 973
84818 98318 98322 85878 96329 100051 96315 98330 98308 98882




12024 819 20730 7626 2663 754 13026 753 29265 19887 21259





70875 53145







17595 17591 3448 26606 65624 5665 17594 76406 64769 19321 14939 12968 69773 17588 98989 363 88176







4322
15096 15094 12276 16383 14871 15106 15152 9988 8189



5662 45349 21584 33236 44640 43532 33237 5636 22761 4459 43576












14030 14749 14750 1736 14516 1731 14754 5859 14755 3450 14759 14760 12953 14764 5895 9084 14773 14784 9091












8981 8980 8990 9010 40597 44232 8983 55539 40592
31466 31469 42353 29824 9786 7925 7923 25353 20044 7926 31468 10139 20009 14072

19212 19213 19209 40714 23777 28791 29510 23421 19233 28779 28792 19192

















8981 9010 57809 8980



4119 49171 4134 4132


































100308 21272 63415 54967 8137 86660 71064 15242 8133 85173 6987 15892 19744

8733 78502 57371 7087 51778 75795























65270 10028 20307 50634 40022



9003 902 24072 28086 9008 24530 55953 42586 56155 44210 41802 44221 24531 24529 407 32598 57453 37570
21785 4461 21584 33236 22760 23943 43539 34300 27273 17923 22763 4459 41732 41656 43548 41729 43578 5653 5112 43524
4541 9045 11479 6835 5650 3172 6828 2605 9036 6518 9056 132 2936 1943 997 2938






819
1761 3347 3840 1932 3832 1185 1763 2306 3038 1768 3982 3820 1760 2059 2065 1767 2890 5276 973



32038 173 30474


17340 17359 17344 17341 26437 9559 21054 429 4904 452 379 21070 9019 26452

4713 30540 54034 4682 4706 4705 679 4718 4688


















17159 65773 65749 17160

49308 47939 51378 60663 51371

















4021 4022 13253 26598 4020 46638 46654 45951 44976 38338 6330 4005 6324






41908 19515 23462 7046 19187 30085












16836 16837 16838 16845 16848 16849 16855
7216 63399 12234 16039 7004 7226 24102 7208 7234 8133 7010 1611 545 8132 8156 6517 4350

















94563 42273 2588 13318 2475 26504 46430 2589 10038 62968 10043 2586 62546 30062 2578






10042 63159 21691


8703 19400 11531 5866







36464 33573 41435 716 452 433 968 41427 429 41440 36466 41444 41433 460 9033 494 474



14109 3351 10800 3346 72067 16104 4405 31459 90687 14118 3059




















24967 24968 9462



























78081 4609 59709 2625












3059 3060 2311 3058 1773 3339 2044 3076 1936

57097 4289 57087 57048 80346 4230 4223 40586 4616 60115



7004





1241 3891



97415 63426 39961 12234 99734 7216 19744 56929 99739 8137 56926 7226





















29510 23777 23421 28775 28792 28779 28791 28774 23781 28782 19212 28780 19213













71033 3535 25509 67993 25740 67987 68005 3534 3516 3532 44435 67996 23859 71038 71042




396 394 20681 44237 49123 5961 640 633 19162 3234 3233 57701 21653 407 8977 57747

















16175 19792 217 18617 5894 153 220 7533 7537 7498

34781 32736 41258 54702 18990 8980 42414 59771 24530 57911 8987 9008 57364 57913
23115



























37707 37706 51582 19076 19058 19052 19065 19067 45607 44723














17344 17341 17340 21085 20583


6006 5143 8068 10134 9552 2713 9323 10872 5989 10858 9545 346 343 6902





62079 21326 82683 32240 20532 63434 32263 88300 55937 20524



4541 7279 6835 7280 205 6834 6828 7288 7292 7299 132 7306 7307 7309 2936 7310 5678 194 5650 3171 4543 7321 137 7323










1 19002 15851 20398 19014 18994 579 90







14795 21626 14796 14807 3967 3977 14919 3975 14811 3971 14800 22764




12102 59154 49835 59167 43013 225 17219 8332 39918 12090 53561
















23339 60695 15653 94169 6599 4864 6025 1188 3338 1771




3088 3076 5276 5290 3347 3339 15653 80227 3340 60695 3355 31402



















96286






7087 75795

















4230















44501 34574 27273 17923 22047 44513 38889 38872





6561 6549 5941 14248 4067 7240 6556 6540 4065 14258 9559 2696 3501 2744 14263 4428


16836 16837 16848 16863 16838 4099 16849



































3865 96037 5691 2342 2354 5356 81750 16256 96047 16236








567 605 38233 554 560 600 41 590 45869 630






19993 20002 33541 26932 31921 21572 21537 19419 20003 19612 31912 18962 33543 612 39033 19992 26931 26926 26927 31899 26935 18975 42



21050 8251 29138 21037 66207 45637 32190 19739 60876 8230 24145




















1932 1934 2054 2052 2055 2053 2057 2059 2062 1933 2095 3042 3043 3038 2073 2067 3047 2071 2072 2063 2056 1935 1768 2066 1760 974 2065 1767 973 1761 2253 2415 2196













7920 7923 58204 8171 25356 39 8647 14530 8628 14537 20044 5896




1042 2316 2304 5604 1177 8039 8041 9891 1195 3043 973 5599 2305 2062 1933 5598 1935 8024 995 1185 3820 1767






























13452 13453 13458 13461 6803 13462 13465 13472 13474 13476 13481 8099 13491 6806 13495 13496 13497 548 13498


62881 404 4607








3160 7321 33468 7310 2938 5667 997 1956 7323 4562 3172 3170 21632 15462 14947 3154 33461 14951 3167 14950 6518 7785 3155 9059 2518 5651 4561 1943












5598 1042 1177 5599 2303 2304 973 2193 5604 1195 1169
















12218 12694 31858 8341 19323 8147 8155 40194 8150 15870 1611 15894 8133 7234 9165 31861 6985 9160 12968 6994 17591 2550 6981 15242 6987 7010 7004 5824 7216

9966 9949 17840 12288 45674 9957 28026 9993 9937 12292 24696 9927 14882 21736 9944 7545 9991










28523 4617 57097 4599 4230 4598 4223 40586








80173 2664 12262 12260
83094 64748 3340







95120 99687 56451
26873 62885 85448 44887 31264 57318
67347 60016 30085 49461 34041 8634 19884 20747
















































9084 9091 11930 11931 11932 11933 11935 11937 11938 11939 9087 11948 7299 11950 11955 5873 3450





















10072 14634 14641 7826 10071 14635 997 4553 5678 14642 43083 3152 43085

7693 40853 20769 7653 4671 40867







13465 13462 18851 91949 13452 22972 548 19292 13476 13495 25094 13497 13498 48860 19291

























8703 629 561 18970 90 564 582 579 85 7527

62359





185 168 217 84 3448



8133 7234 40189 71718 7216 84597 84589 8137 40878 15895 15242 98023 15892 21272 98024 79021 40188 7225 6981 12515 97415 8156
90687 14109 6579 3346 39567 31459 3351 72067 3072 3071














14921






5078 15197 4457
8647 18856 7920




2399 98059 89996 13706 50677 51778 50996






























22935







220






7515 15242 27845 61782 64009 16995 3448 11543 79534 8098 387 17594 363 370 7216 26920 77293 10091 52209 31861 7234 40189 359 2922 40188 866










245 18173 14417 11342




13452 13462













4394 3808






1 19082 579 71 611 84 18964 90 19066 56 85 0 582 19090 19071 18956 15851 22458 12903 20198 597 13 19164








44282 16944 64200 42937 48436
















6526 5941 6549 4070 6545 7240 6540 6534 6541 6561 7248
48555 82439









1059 1051
44241 926 44244 44246 4617 42883 26506 9647 4242 44237 44254 44259 17819 44267 4619 44268 4230 122 109







26687 542 62449 14955 7133 64737 26666 88591 74671 42261










8251 21037 32190 19739 36343 8247 5865 45637 8702 5399 8230 66207 9901 5610 8232 60876 8234

















19744 86666 89920 101110 27845 54949 15894 40188 8137 4350 37503 7004 37082 63256 10037 73129 7010 7226


57368 24529 57367 57262 61281 59750 53872 61031 57823 58937 61284 56162 57453 58332 24072 57362 59716 42586 61286 57348









53872 61284 59750 59716 58318 57348 61031 24529 57358 61281 57262 57368 61286 56162 57823 56155 42586 57367

























7216 6987 40189 7225 7010 7234 27845 16039 76921 8133 40188 15892










14247 43757 43774 11095 41551 30438 12626 30462 36731 47438 30464 35896 47439 36730 14243 28805 4205 46341 3111 14646


62497 71049 30564 62479 8137 54967 8122 71064


















2326 2327 2333 2334 2342 2344 2345 2354 1051 2359 2364 1050 2372
12074 12075 12079 12082 4507 225 5422 12090 12093 12102 12103 12112 5432


8552 5624 2045 8553 8555 8560 8561 8562 8568 8576 5638 8583 8588 8595






7216 12234 58122 63426 63415 31860 27845 31863 25084 78782 45612 4438 35434 40188 8149 31858 52518 63709 25268


















2423 2424














3340 90063 3346 5305









5867 10005 10000 21224 12871 5868 9999 19915 14537 35289 611 41 20353 5866 7527 14530 28197 19412









4308 20893 804 27875 24159 24158 24160 26416 24164 24166 26459 24386 8203 28102 26471 819 26466 18106

4067 11411 5941 5932 7248 11414 4070 10356 4057 1267 9319 11246 9317 7240 9323
32852 54034 18191 32442 31521 50960 28051 26418 55218 648 50919















7534 5959 9967 11296 11298 11293 36962 11292 15425 11318 15050 15426 9989 7545 12272 9966
69650 30051 8608 7145 16276 19746 16279 14564 213



213 7142
56487 26506 42278 926 84547 44246 4597 44254 84566 42722 80703 84574 84575





24520 4023 44957 38338 13253 38610 44956 44977 4022 33915 4021 4026 11111 35685 45951 19891 10815 45625 44952 4020 44962 48091 46351







