

883
407
9957
6980


5381
19658 19339
15817
11324


343 3688
18574
4653


5109


17340

51093
419 424
39
31049
49121 407


23107


902 407
29664
2533

213

2735 2710
2713
34574
4109
4109 6805

1185



33802

17317 17340


3564

122
19762


19993 18975
39
39
6008

12490 2674
13180
4455 33237

24988

13901
8650

30464
2065
8528
35330
2706 2713
2589 213

122
39
39



27047

396
13476
124
915 3971


36822
2533
579 39


360
387
31549 31531

141

3442
1227 1230
5365 5384
396
20573 9559

292 17299

396
8835

225 8332
5992 2704

396


349 10621

11939 11933
6508

151


11807 11820

2797
4154 2510
31991
41066
9959 9927
26899
109

7698




39

2787

4109
8598
56929

39
39
24923
4132 2533




697
35255 35253
39

191
2496
5624
83664

419 424

261 17323
39
4190
362







12681



71
39
2456 2460

258 231

45360
8613 213
235 231



20261
17299 292
396 376



40366 30358
597
423 417
1227 1230
14136 902

47469

213
122

5984 1938

109

16016


841 837
39
12903 621
62079

362

20901 122
8655
407 902
3159 40482




376
14132
4710 918
213

5607 5608
24105 3315
369 112

13894
2533

7499 4112

24549
419 433
2496
39
109
5387 9643
107
4928
231
231 239
30464


902 407
6871
11245

48358 8608

19052 24


231 239
14906 14792
2933

7145 213

917 15619


38341 49121


12686
569 39
16300
122
6321
14811 18189



12766
39
2533

20003 18975



122
840 837

21536 30
7549
6899
15313
423

9959
12908
915
2533 17204
7155
2706


5896
21537 26931
18962 20002

819 804
109
213


419




419
4294 13253
1196





122

17829 39
40498 16009
39
396

4021 24520


411


582 90
5835 5615
14829
21728
407


7781
19149 39
18953
29423
35253 35255

2533 4119


41

20686 10353
109
39

18944 39

5868 39

39
21537
8245

109



231 239


18027




33075 997
866
530 6071
109
22047
8354 225
5365 5109
23236 71
39

902 407
231 239
31049
29264
12012
17671
866
109
4140 120


2533
10267
7145 7142


122

18851

122
4930

5849 5614
39

997
911
32267

17683 17690


2903


423 417
280 4697

57920 407
1943
32608 407
109

407 902


12469 12480

184 6321


4121 2534
46822
16277


2473 2400
8835 4190
419 463

57450 56155
15619 14802
24072 407
8690


15370 51093




5866 39
4655
9727
1213 2151
31531
7200


4663


17452 14802
3865
29157

39
213

2444
50929
5452
2496

5378
45476

17690
697

39


28521 65395


5111

424
213
14532



4577
8647


38
225
1982
109
217
18962 20002

43348 31551
9271 36469

12469 12465

50635 30358
32598 44221
4655
31049
4103 120
32678
2518
31531

24 18961



25101

22270
7142 20356


12681
997
407 9008
17299 292

8977
231 239

27273
866

5854
21073 17341
22761

39
25167
8346
39

22581
12863
21729 2663
397 376
30464
20573
122
407 902


3661
5866 39
109
15846 569
9339 2719
2533
12480 12469
57700 902


109

39
47469
819 20893



8528
353

292 413
217
20331 22

213
5680
19051 18977





4655

376

19209 19212

20898
2714
20898


407
39907
902 407
10267
5873

396

15846 39
7184 3338
2533
32608 407
360
27492
11279
84




58533
50160 57532
213


21050
7515
4577
5895
15276 2156
7545
2085
12908 39
22742
5085 3977
902 407
19925 21597
8835

2709 2706
261 17323
5092 14800
4836 18189
39
8703 39



12681
407
360
12635
4323



423 429
20003 39
14906



5067
23162

124
67593
14792 14906

16837
213
31551
19326
6722 9737



5085


15310
408
6017 2739
8332
35255 35253
7142 213
16920
4888 697


396 29664



84 19743


15172 14906


39
8189
42350 396
15175 15026
213 7142

33848 73614
231

423 429
213
225 8332

915 15195
11321 9959
137

866
407 902
4671 4697
5624
18938
1761
39
5624

33179 5972
39746





213
407 902

48358 8608
39 569 5871 5891
213

184
2502
407
360

32415 17924
213



122
18938

39

49799


23545

217
23553
1227 1230
8608 38798

8308
231 239
408

9203


39

12939 9959
31521
20527
13894
423
24101
6346
9268


39


39

14461 15985
16276






47728 109

24072 407
292
14530






280 918

4112 217
39
6321

407 902
396
14521
54351
213 7142

32037


2533

39

27047


31049

39
4913

866 129
40878 64802

423
39
569 39
67593

912 112
376

4444 4459
39



6301

2502
5244
973

21536 30


36725
30516

21665 39

3694
2715
35649 29587
396

407 902
10256

22047

74847 30516
213


231 239
20640
4888


22761 4455
6320 6329
32551
346 343

396

82833
231
8307 8332

23042
16300
15518 15519

4021

32519 376
3296
231 239

122


213
12747
4190 15808



423

24945


902
396
39
37071 12012
407 902
24105

66533




14546 4676




11797 10267
71823




213
32525 73614
569
13253 4294
918
597
7545
7501
5954 12465
15320
27531


2933
39



902 407

4653


22047
22047

79792
419 424
26666

19036




213
15619
24529



44493
59185



16837 16863


44211 407
22 34

58238

6347
408
5979 347
2533



396

30743


28520 21674
396

407 902

8835


1938 5984

612




213


6095
27527
39
2342



4127
17204 2533

15175 3975

902
26207 26210
27047
22047
8655


19710 14919

32002

2460 2456
360 408
33571
71428

39

6461 4742






39
5624 5638
7142 19934
407


14247

15528 2742
231 239

4322
2706
109


14243

7142 19934


14546 4697
12681
19993 20002

15528 2742


5381 39
19339
12464 71703
68131
13033 2663
61609
2709 2704



213
24767



122


7920
2202 3877
2496

10613
997
245 231
45883

35395
14226
2500
30046
400
39
407 902
21226
213
5900 6683
25699 24530
39




407




24967 9462

19113 18961

32598
9462
65333





2524 2533

78782
39
13033 2663
6321
20686 17353



9196

20686 17353

423 429
10566
3338

38828
24105
10267

14511


213


22464 39

213
36629 20610
14831
57920 407
697

3234
213
2533
15619 17567

21295


353
3436
911




39

419
21536
6321
12843 225
569 39
2787
31735
17159

7545
101132


39
10637 6008



21050
9929
408

7226
35142
44881
437 362

20898

17160


5262
58218 58238

2922

898
765 756

832
213
2502
213

28463 15370
33413
39
1369

12650
39


2922

39
213


20686 10353
26504

27531
6802 6805
3296

396
39
3442
396 29664
109
407 902
217

500 423

14456
18961


8181
13465

28051

18851

7920

10413 13917
65395
19213 19212
9211
213
866
4109
5092

17323 6096
43108 419
41512

39

39




52351 51825


2496
20398
8835 4190
19745


423
2456 2460
4290
50183
7948


28051
4021
14548

12681


407 902



11318


15370
22061
258 231
11414
612
5868 39

3298
24529
18961




11790
407



3442


8170 8183


7905 972



7148
346

7545 11324
2456 2424


16921


8189
109

63255 8156
902
376

39
24923
9959
24516
109
30247 12012
39
14548
11346



902
12680 27531
122



24528

4428

11800
611
109

2321


19601 7527
4352
39


39
109
2903
14914 14795




8583 5624
39
22290
24967 9462



407 902
24995

28 36621
8332 225
7142 213

24995


30725
407
12455 12454
47469
24364
19562
25545






423
56457
35255
5365 5384
11060
25122 2720

22536 39
4879 2044
2524 40087
39
3296
50929 32852

18189 14811
8133

213
360


51663
419 463
51644
5622



21
39

548


3688 343


362


7549


109

423 417
8835
407 24072
8835

122

5085 3977
6724


8016
423 417

18982 19004
11060 2710

3968
13033 21729
34289 10613
39


462 419

141
3174
407
2787
3172 4560

4109 6810
396

4655


245 231
213
109
4619


213


10267
24136 360

49595
27761







141 220
376
19091 18973



2710




39
18944 19455
31991 31992
569 39

109

64698
39


4323 4109
39


407



11800

10267

8835 4190







347 345
911


360


10413 13917
3170

8941 8936

991 972
231 239

407
2739
3510

22479 7144
225 17219
345 347
902 407
11921
18189 14811
217
261 286

4112 39
39

1761 11606

1196
63392

32506
7004



109
39
7513
17160
0
918
41 39
5

8528

4653
9463 2713
31862 31861



13102 15035



4652


39

51 31361

3338


39
6902

3661
11318



24062
109

16030

18175



39


4230
7527


424 420
17169





141 133
2533
1369

39

396


213 173
213

20610 36630
19660 19672
24997 13967
4655
51093 28463
15370

6810 4109


29170
13918 4454
40498


18189 10415
15851 39
213
49886
24529
915 15195

39
14548

4103
22432 22270

213 7142
9968
292 413
122


902 407




385 112
423
213


48807 35255


27492 27491
109
25122
18975 21592
36822
10848 26853

39746

6804
18964
14651 27531

5624




39231
3442


997

309 231
49886 74058

213
369 112
26628 27047
5667 58965


902 407
24136
407 902
407
40875
4021

39
217
7142
4021
56155 902
20898

4577
22732

419 433





407
6321


12908 17413
3925 10391
4109
12502 12469
68522
376
39 611
39
4455 22761
1262
258 231

5452
7115 7114


423


27047

421 419
90


10621 6008
49121 902
415 427
23166

8234 39
39
14538 14461
24529
12921
49942

18984 19602


231


15172 14792
4190 8835
39

2502
360

2677
10267 11797
11214
33413
48761 48762

10125 13036
39


39
400
561

141

3967 15174
10185 4754



5384 5109
19063 18973
2202 3877
9957
744


22742
3059
39
5381 5849
36483
816 4310

17160
396

35921 23693
7142 19934


2504
4109 6810

612 39

837 839

41365

11955

17605

37844 407


16675
31531
7146
2710
407

109
107

51470
33734 38717
292 413
39179

376


4217
407 902
4541
39
44887
31200


34602 514
213

17318 423

39
19745
122

32317

32551 10267
44887 44891
423
3442
46718

30

39


6520
1196
184
13033 2663
866
8835



39

38717 38716


627
39

2663 13033
5975
33550 18962
3977 5092
51662
14243 11095

419 463
14872
36826

8308
19993 18975


231 245

17682 17758
26870






44282 44342
2496
43348 31551

14243
39

4655
109

18493 39
2533
20898

911
966 36469




10505 12943

109
419 424
217
15224
2742
109

30
13954
23616 40498



7472



19762

15619


213
6804


39



8835
1213 1214
39
12679
109
419
39
902 407
2046


13101

4697 14546
21729 2663
21291




122 4230
396 376

19149 15851
26478 34705

5578
5873 39


2533 2524
13021

990
7948
14461 7527

4706
892 109

14916
11527

5092 3296

292
225

4021


16277 31531


421 419
376

4459
579
39

8624
11167
132


23162

122
5673
14247 30464
926 109
31989


225 8332
22479
109
6980 7000
15817
900
14792
39
8835 4190
3324

24704
39

697
16505 4020 4024 4021
3448

8528
213


396

16205
419 424

4116 2533
407 24072




18189
2922

14919
819
5646

11955
360
6821

6324
12659

84 39
137 132
31856 31861
213
396
2497
10848
6320 6304




407 902
7142 19934
9959 9927



17160
5109 5365
8679 4109
52
33940

39
9251
1288

4553 39

40498
23184

9959 9927
19978 39
611
5966
109


9781 2156
19696 14919
39



419
17814



7226

804

19052 18961

5465
5085

4109

419
213 7142


280
2334
396
4455
38610 4021
1323 6685

44211 902
39 7527
10267

109
29788 902
1369
3564
8629
423 460
19055 19062

419







360 408

109
36466
39

5401 27150
7131

7897
213
12680 27531
261
17340 379

407


4507 5422
3877

39
27930 16631
39
18953
24995
4157 40087
18973 19063
2306 2202



21728 19887
39
396
561

360
376
20185 5854




5954 12481
22273

12918 55098


3172 4559

26020

184 6321

840 841
5710 14172
9211
24923

376 8016
54351
12460

8019
419
33179

39

23283
2742
6980
2533
408 387
407

12903 39
213


22273
31361 51




44493
419

6980 6981

39
54342
137

924
46654
2496

12014
3442
8835
2744
9929
213

902
9928 9959


4109 6810
84
12854
3338 2891
92876
39
2045
4323
18970 597
9927 9959







19447

14795 14914



8137
2674

2922
7499

39
3647
39
205
14914 14919
12864 51
39



2072
387
902 407
24459
11060

24529 42586
13920




43348
231
345 347

4754

15310 15270


217
423

39

6461 4742
2460




39


36106
213
407
13917 10413
39

368 376

4352 4364
19762

419 433
396




3684




30540

8798 10391

33712 11527
45509
16300


901

19192 39

8333 8308


10267
407

628



17594

9559 17359
902






483 433
911

407 24072


18982 628
39
24529 56155
4816 24418
213
396
213





4109 6810

47038
4652
5111

20610
21047 8693
4930
213
43813 15370

13216
47038

369 112
4697 4671
4652

39




24923

205

16208
8552
58253 407

4655

12454 12455
32317 17924
38610


39
7545
6802 6805

21309 362
9883 17682


8528

24923 697


915 3971
4455
343
15850

6980

12502 12469
3172 4559
4119
15175 3975
75284 27531



5085
353
39
39

213
2502

19993 20002

7142

39
423
3339
29264



39

40370
20664

13476


3300

31987
9929 7545

23421 28780

107 912



6806 39
997
4230 122
33179
4888
3435



4697 4671


569 39
6804


8099 39




14651
5866 39
122
20044
11324
109

45952 4021

24923
22581 24767
4888
918 280
2706 2710

2496
997

17590 213

26 11790
2046

920 924
997
22047
66164 213
612 39

396

5638
2504
28482
6290



68928



213



15518

423 417
4352
217


26853


407
6350 13967




419 463

58509 7142
39
91121



19412 39
27047


17359 20573
31531
1369

1323 5997
41062
12908
4323 6805

26932 20002
12968
213
396
343 346

4618


15524 15528
353
1225

213
5378

8602

20398
419 463
419
15635 915
10267
25122 2720

3347

18961
7142
4553 39
26 28

2510
213

4355
579 39
611



5867




5867 39


18975
4559 4560
2533
804 819

25654

8332 17219
423
22733 22663
43768

51052
7200 86460
213 7142

19978 569
122
4116 2533
36205 419
16277 31531

19051



213
122
213
4455
61746


911
213



3339


19978

39

396
18846



423




22
918
2187
18963
12626


7549



9959


2677
4655
990
14461 15985
24334 407
12982
902
213
419 424
13918

4697 280

4021


18189 14811
2715
39



1028

44282


31453
45271
58226 407

926
213
39


15370


26478 19895

4175


20022 84
45674
10413 13917
44282


39
109
38828 12686

22047
120 6301


902 407
19337 39
997
567 39
8099 6806

11 39
2502
24105

213
24654
14546 4697


365




10910 4073




33651
360
141 220
4022 4294
7998
2046

5084
71

4190 15808
24105
9928 9959
6301 4140
35253 35255
18938


4109 6804 4108
18975 20003
28415

4618
9923



39
17160 17159

697 4917


2706
66533 213
12626


51 31361
2710
10188 4754
4021
16279





18846
1230
4109
15276 20689
51
18977 19051


3442
213
25708 109
14548
44887 44547
15411 24685
3234
40592
8354 225

83663



33734 4816
4140 120
423



24923

419 433


24520 16505
2742 15528

11279 12454
892 109
2533
804 819
19164

4652
14134
407 902
39
407 902

292
280
30559 14005

55500 44220


9271 36469
51796
213
376 369
24950

27798

407
407 902



419


11167
407 902


213
8835 4190

6443

40482



6017
26
14511
17160

419 433
4123
419
2456 2460
13920

18846
24923
890 902
57628
3442

24529




17590 213
15270
18963 39




2386
4015 2739
447 514
997


109
14919 14914
20640



213


39



2533

29664 396
122
8308
4112 39

816
362
140 866

4140 6301
359 376
2663
14919
18189 14811
17757 231
13914



8133
217

423 429
9634


58232 407
5862

407
419 463
39



419
36269



24488

396
4652
12450 12504
122
36826
122
24923
4022 4294
16545 3315
4507 5422

39
407 902
7759
39
11807 11820

1241


369 112
5976 28463
231

12681 10613



584
14461 14538
1050


16300
704
213
407

51825
14538 15985
2416
39
8308



12681
24923

10848 13026
39
407 902
24923

39
23428
427

20512
57532 50160
8680

7142 213

4902

2645 2744
39

902 24072
52198
5369 6275
184


29170



17452 15343
41 39

3693



18963


39
11630
7131 213
66523 16279

389

213
5867

7142 213

42586


15851 39
9084
15106
5865 8702
49879
22270
1933 2062
26577 25954
39
7299
5673


39
17924
19017
17134
39


6017

407


12680 27531
4109
4836 18182
17842

9930

9251
2456 2460
12
11060
2922
407 902
51821
13033 2663
15846 39
18182 4710
122



3440
17342 423
4294 19891
122
31786


1267





48762
24101
36822

407 902
2588
17644


396
19667 39
39

14005 39

58210 58211
39
5970
30516
4917 697
4652
991 972
4507
6320
173
4455
36749
5614 5615
9928 9959
5854 39
20981 14993

8841

3564


50645 40087


4710 918


2496 2524
3511 3510
39
2710 11060
4685





3688



14378

396
92926
1042
292 17299
500 423
469


2154

3442


1369 1437

7585
5624

30464 14247
109

122
14245 14247

3688
419
39

5699
8016
4507
39
918 280


12102 225
11060
5365 1238
611
12987 2187
4173

5389
8702 5395

213
21907



4002
911
4109 4323

213
679
819 804



972 991



11790 22
29788

396
16545
24072 407
2533
19993 20002

213
19076 19058







122
213


9927
1969
213
10267

360
13033 21729

107 912

15276
25699 407

8333

4461
39

36207 419
9943


52 39

4394
30464

5865


39
12968
38598

39
52


376
12479 6017
4015
7920

23550
19746 7142


41905 45453
8837





4291
15026

225


213
14521
25122 6107
27930

5092 3296
4021
866
14546 4697

213

9883 17656

3442
61743

15846
8602
4230
74329
8835 4190

7234
2046



567 39
5984 1938


5638
387
5976 15370
30464

10800



2710 11060

360
2156 20689

39

21379


5833
360 408




217

9008 407

4697 4676
2460
7145 7142
39

4073
4015
4888
4123 4119
54351

3442

7534 9959

679



2744 15518
5824

43692 36275


38798 8608
36740
12469 12480
7537

24950
13189
162
2713 9552
5670

90 582
7114
39
14530 39

2533
28086
8624



10188 39
7115 7114
15980


73458

902

122
6721 6722


4455 33237
231 245

2696
231

32043
112 911
3339
419
26078
637 369



7142

4022
4347
569 39

98309
8655
14795 14919
902 407

902 407

3688 343

42595 17032
39
2046




3172 3865
54666




21935 39

50325




24923
24981



7497
10415 14811
109

360 408

419

407 902
14905 14906

231
7920
29053 4577

423 429
15846 569
407

28651 30
39
4241 4289


12921 12918
24923

10621 349


38721 38717
17307
3534
5422 6980
27025
408 360

407


122 4230
24988 14134


231 239
36730


14916




419 424



50645 4157
39

21674 14894
13094
35839 23550
7142
292 17299
369 376

39
30046 7142

18193 9883

9271 15831
12828 19725
19412 5867
19661 19668

5146
8837 8834
32608 407
2710
23565

4961 109


911

39
5422
184

2496








2715
6320
804 20893
15026 15175

2739


213
29788 902

12479 6017
8307 8332
28086 407
245 231


39
407 902
1227 1229


6304

911

376

407

25122


64373
107

12469 12480
213

42586 24529
19601 7527
39
3773

407


19671 19680
63981
9243
4310
213
122



2502
193
14243 11095
213
239 258
7142 213
122 4230
24480
7142 213
2533
5381 5614


3688 343
6350
39
45607

407

12469 12480

109
39

1037
36483
16169


14795 14919
2322


39

79789
46283 407
24036
213
4323 4109

5092 14800
19036 18961

6017 12450

318
39




27531

6321
11948 7299
6838 569
9556
18970 597
4343
42
5854 39

8308 8333

973 11601
4121 4161

39 569

12828 9693
6080


15370

39
52 39
39

4599

45515
9556 2734
3296 5092
9943
7938 407
407


39


11206

3291 362
7501 14533
20532

109

28520

19762
4553

6838 213

39


122


49942 34957
137
2533


39
14247

225


396 376
3564
23783
45 24549
2440 12987
6006 5989
9742 6722
407
52 39
10848 26853

8332 225

396
184
39
44881
17829
39


5638
20573

20901 122
58217 32598
30438
213
21736

20686 10353


12102 17219
14955
4109 4323

28483 39

32608




88146



39

997

8834
447
39
396
396 29664
13102
13010
2512
225


8831 8830

3442
4121
2533

10413 14833
213
39

5653


1011
19209 19213



49799


13953 39
9928 9959

50385 10528


12460
14546





9883 17690
12828 9693
66533 21519

396

407 902
9988
1169
6320
3174 2312

345


26628
24072 902
8297


17317 20594

43024
4322 52
5381 5614


122

4888


376


5975


359

39
2669
4428
109

19058 19076
7145 7142
866
423
4157 40087
7545
9959 9927
923 360


6508
8520 5124

19121 28651
3564

2713 9552
14949
20594 17369

4021

8253 39

39
63434
7501 8100
12648
30
231

50392


4652
44493
2067
12686
804

39
231 309
2710
915 15195
7144
600 567

15851 611
213 7142

15514 2742
5365
21326

35920 35921
18982 628
39

21224 39
7948
109
2046
419 424
7004




12684


19419




2744 15518
63392



137
231
39
911 112
24529 42586
1956 1943
318


20690


169


11531 39

258 245
362

7585 14134


819 20893



8332 225
396
213
28775
3442
92942

54351 6095


16863
5087 4461

369 112
26418
2533 4119



3688
231 239
3085
84 39




529
213






12903 39
18961
1369
23107

12683
902 407
8831 15263
12469 12465
21685

8977

213
39
41365 407


213



109
19671 19680
26628 27047
39
407
17682 17758


14532
19743 19601
52 39
569 39
6804
21723 21727
697

213
311
360
5680
11349 11338
5670 2502
1285
419 424
213 7142

24238 26911
8183
1933
39 611


15281
318
23239 612
7948

4109
44980


423 417

225 17219

22276


21572 19993
29629 33110
11939 11933
44993 51825

819
39237



2533 4119
39



20898



8332 225
396 29664
17682 17690
90 72






14247 14243


21537 42
911
1943

4021 24520
213

8189
5422 4507

407 902
1178
1761


24981 14134
6324
213

890 407

39
10267
8224 8647

2625 32551
3509
22479
43348
21563
2797 3176
21162
24520 4024


318
7145


28520 14894
15985 14538
6324
34273
11060
396

30
408 387

23553
26 28

4616
39 611



7145

20686
4109 4323
10566





39
18982 628


36997 19762


1611
419 433
35434
57920 58587
20979
109
419 424
7142 213
122

19836 39
6278


2734

0 39
122
4109 6805

122
76921
24529

407
7920
39



39

362
90

1227 1230

213









18027

7131
213
997

14640 14919
11060
31992

39


5381

17134 18961

24164 819
213
11279
14646

90

407
261

231 245

12683
7299 11933


217
2496
14916



423



419
3442
4127 4140

17169
213

86940 68354
122
1196

16016

64372
376
39
17342

567
3059
3296
13

217
396
10267 11797
213
18189 14811
19762
39
2733
21660
4109
819 804

2496
911
2473


369


2533
6517 25496
258 231
235 231


20573

407

84
0
9781
112 387

4230 122

8213
122
184


4655


2739 12514



396

13034 21727

109
7142 213

750 754
4021
36466

12444 804

50392



21592
55413 7142
4459
12684
43348
40194


26011
2533
2504
18970 597


22047
39





911 532

54351

4021
26421
3442



400
615
213
4294 13253
6804
2526 2530

407 902
42586 24529

213
50188 122

39

8703 39
39
387
9937
5368 2534

4109

31908
13033 21729




15343 14802

4109 6810
184
4706

122
34600 419

10380 343
9929


2739 4015
32043
8333

4022
245
62079
213

2536
1238
38523

44993 2496
231


7938 407





4190 8835
396
30438
15283
4461

17645 15619
74329


122



15619 14802

427



407

12908
7142
213

7920
1 39
15851 39
353
55953
24418 4816

7948 8018
915 3971

360
2744 15510
5989
7531
18962 19993
4653

10267 11797
429 460
36469

27047

47685
997


7501 8100


213

3291 21073



396


35253
59709
19672
915 3971

22



261 6096
2604 2602

120

213
973 972


417

407 902
15851 39

33197
25954
7226
8598
5854 39
122 4230
8332 225



8617 48358


15175 3975


18973 19063
41365

611


5856 39
18846
18193 17682
10613
407 24072
39

24923
990
841 837

39
9883 17682
35839
56142 32608

37565 225
9966 9957
11324 9966
369


444
213
4073
19745


24530 24072

997

29629 29672

21037 21050
39
396
29343 407
407
9423 8333

29093 10415
14914 14795

14246 14247
38334
46654
8252 39
30
81212

407 902

19396 20393
213


362
24967
42586

4180 2526

16169
4561 4559
4109 4323
11797

376
1611
258
20686 10353
30085
2151 1213


9990
3300
38717 38716
213
109
39
357 376

18977 19396



22329

7894


109
213
51825 2496


4928
28651 30


14529 14511



20898
369

407 902

33130
7894
20640
16921

2496





7920

6017 12449

12650 12627
4310
258 231
407 902
21379
39
3079
423 417
8835 4190

427
213

997
10006 19439
2715
23513 14521
360 408
16438
935 4112
13880

13880
24950

45607
387
20331

483 433

109
3233

3059


6087
231 238 258 239
21388



360


3915 847
4109
8562
4455




19936 20356
31992
407 902

120
819 804
804 819
14134 24981


39

109
10250
14511
56148 902
122
407 9008
4022
15528 15514
231
396
23106
39
39



109
3440
12680 27531


2719 9339

355
27047
122


14461 7527

429
2714



20901 122

6321
71428

6320 6329





407 902

4190
554 39
8332
22722

12854
6321
9781 2156

630 39
12659 10613

7499 39

972
28 26

5949




23162

1338
4294 13253

11955

11324 7545
4459




419 463

27531




362 437

217 168
847 3915

67272


902 407




407
407

1185

5867
30


5432







20185 5854
48575
4230
396



423
39364


15172 14792
34271

122
10213
12680 31882
12828 9693


20690 15283
318
90

16939
14530
911

4288 4005
12642
213
122
7920
7267


9255
17160 17159
12014
2922
19012 18938

6980
24
17299 292
11790
22437
22047


107


12
124
43024 53145


38
4123
4754 10188
2533
419 424
7527 39

213

2533 17204
109
2460


22469
8520



6804
4310
24529
141 866


9926
213
98322 96315
231


19718 14795
2534 1237





4655


704
39
396

292 17299

5854 39
44282

915
15276 20689
213

12987

396
15370 28463
447

2533
3688 343

902

56140 407

902 407
47728 109
7299 11933
18182


13253 10815
3510

12903 621
231 239

6008

6301
24334 9646
23107
3172 4559

12828 14997




24101 213
39


12464 12460
43140
419
5077 3296
679
1323 5997

4616
6980 6981
18982
419
21073
25122 2720
407
369 112
18973

39
423
347
39



2709
79789
1761

14553 4710
3159
437 411
39
3059
217
9462 24967

39
387


376 369

30725


17307
39
32228





396
2533

2668 31585


22047

213

396

15174 5092
24950
39
16208

31531

39
8977

420 424


35252
6813 8666
4323
39




22

39
122
32017
804 819


10037
10250
109
3234 31228


39 7527
30201

17413 12908




379 368
5853 5865




396


213
19696 14919
30434
15283
24923
26418
17219 225

28520 14399

15298

832

343 346
4190 15808

482 447

407




12686 38828




39
25167
6324
17682 9883


48815
11060

11907

10334


883
396
15370 51093
713



36629
569 213





26577
8977 407
29629 33110
4109
6304
419 433
71823
12014
16279 7142
3936 10521
37071 12012


24997 6350
4026 4022
11305 8189
376
213

39
1213 2151


20906
213

122
24072 902
52805
39
612

500 423
7131 213
2154

18961
24102 63255
11807 20618
213
8212 4109
40 1
1761

292


4140 120

21519
50919 2714

2709
387

8629 39



4140 120


109
407
217
915 3971

382 417
23421 39
14134





25340 213
6321 4913


11933 11937
5867 569
6320
245 239
39

41354

77
109

10243 10196
902

47337 407
231 245


2456 2424
6722
19066 19071
554 39

8977 407


5667
407 9008
7522 39
7115 7114

407 902
7133


280 918
4022
9957

109
2530 4121



16279


400
2518
2504



51865 997
16031
14547
112

112

14919 4458
36740
24923
24704
32525
2715 6008


8823 15283
396

997



40596
5874 5868


7145
39

396
15411 24685
407 902
1021

4294
15283 9781
4109

23107

15283 9781
21388 19803


39

396


396

14906 15172
397
231

231 245
36205
12684
407 9008
225
56182
1201

122


17473 35186
15850
21747 21073



231
39

31049
12486 5954


862
213
30464 41559 14245 14243
11279


29655
21523
30052 7142


4283

11338 11349



44342 16944
33179

26835 13026
213
697
18975

4015 2739
407 902
39
9271
7537
22751 39
6804
972
19063 18973
11338 12024
6804
396
4454 14837



15026 3975

1369
4230
471

39
529


231



5854 39


396 29664
5071
2151 1214
9883
120 112

9693 12828
19087
15980
5047
5636
2156 15276

12903 39


554 39


9959
213

597


51
11095 14243

5856 39
109
5422

12644
902

5715
18175 20964


14243
52 39
122
5586
213
20479 14640
4652


10520 3936
9959 9927
4454 13918



447 514
1938


13034 21723




39
24685 15166

3058


5866 39
2473


11797 27730

10245 52554
94504
9999
376
33197
915 15195

1042
2400

6324
39 7527
22290


8332 17219
29170
3971 15195
26068 7004
109



360 387
109
32852
5856 39
49589


19149 39
2938
292 17299
4109 6805
18189 10415


376 400

26128

92912

396
9883 17682

2057
48810
6902 353
31049
15174 5092
10250


109
25122 2720

122
8602 12684
1042
7501 8100
423




7501 8100
12921 12918
423 417
39


13458
39


2719
804
4653
24418
804 819
22437
23042






33197

2444
29788
17473 32415



245 239
4310

17924
21073 17341

8798 10391
369 376
12680

7234

318


10613
2753 408
261 6096
6980
6017 12450
29319

423 429
837 840
3442
12635
17299 413

6008 10621
9527
12460 12464
362
84 39


7010


213
2715 14609
604
2502
213
213
419
27150 407



19601 39
10505 12943
23565 31542
20664
4507 5422
318
360
13033 21729
32025 13094


109
52344 4021
20512




4022 4294
213



19762


14914 14795
2502
39
7545
18961


39
697
5614 5836
2677


17671 14243

915 3971
122
4121 4161
7920

376

66



20769
6073

27531
5399



17244

245 309



7499

26421 30201

39


360
30881 447
21318
37706 47554
5867 10005
39
3442

22507
427 423

8189
396 376

39 7527

213

39


109
8332 225


25998






1011
754 753
19745
569 39
38828
997

22047

382
500 423
14564 19746


10413 13917
697

231
4109 6810
213

10413

697
39



4119


29265 753
77 18961
640
213



11060 2710
29672 33110

48363 4021
109
3442
39


109
1369
13094
213
5866 39
15315


11797

40 84
2299
13731
407 902
915 3971
122
4653


4021


21073
4653


407 902

109
109

36822
4021 24520
8624
39
9271 36469

4310
32097
376
21659
39

4913
407 902
419
36629 20610

9927 9959
217

1235
376




4021 24520
8624
19058 19076
84 19743

132

553 39
419 433
12828 19725
3442

19087


39
407
5866 39


6517 6489
20512
4310
15281


7143 7142

3968
6324
39

369 376

52905




19672


21073

4653
8332 17219
20573


2202 3877
7226 7004
4109 4323

4015 2739
417
14949

213

407 9008
5614 5381

231 245
10250

39



407
15619
11807

7004

11248

17034

11820 20618




1 39
39

24709




39

997
122

396
29664 396


7142

396

29629
7142 19934
42586 24529
396
396

74329 71428
4217
50919


47727 109
36826
3977 5092


19059

19006 16956
7522
39
1936
213
57453 24072
26574

39
3440
597
12465 12469

407 902
213

4655
2677
3853
20686 17353
902
4653
109
11244 11248
4742
7310
5859 39

6017
17029
13894 15635
10528

2715


180
10256
44221 28086


4310
8650





18846
407
122
2496
18856

231 239

1944
31812

2558



2496

22761
213


2510 2496

109
14805
3511 3510
17340
2709
6321
24923
17342
7142 213
213
18105

369 112


39
34957
15528 15524



5975
39


20898

49942
57882
612 19164
14134
3448


19212 19213



15851 39
902 407

213

35330 10252
12465 5954
25122
39
1956

4241 122


396


8189 4109
19668 19663

21295 22437
8016
2045
23616 40498
20829
30048
30464
213 7142
18182 4710

902 407


2787
2533
5092
16134
45270




39364
13033 21729
4137

9302
12939

3442
14548
26964
7586

14911
20690
6008
12890



33571
258 231
2518
2460 2456
12828 19725
345
39
11937 11933



21691 7920
231 245

90


112 387
39


11479 11480
5438 5432
407
14919

5989


837 841
837 840

29170
3296
2533
5700
12921
31544 31531
22432 22270
5471
1323

185
407
2706 2710

2710
14286

39

17473 32415
890 902
9927 9959


6324
973

4021 4024
6304 6329

17299 292

23421 39
15175 15026



2456 2460



24967
6806 39



35253 35255
19014 39
39179 15281
39

14749
396
20686
5092 3977

569



15851


8835 15808

2710

39
376 369
39
213
3856

29047


24072 902




37361 14837
12486 12481

57113
38721 38729
19099 47554
35920 35921



33651
21133







25373



7653

24169
902
1267
50929
31531


407 9008
32002 31987
9019

5381

4455 4461
423 417
26853 13026
3799

8133
4454 14837
92631
18961
39

39
423 417
4230


7545 9966
7267 6508



25099
43348
11939 11937
3510 3511
18182

47554 45607
11800


63387


39
231



6722
4676
231 239
39

84 39
902

10613
360



396
17682 17690



2524 2496
10267




39
39

21907

213 7142

17691
39

36629

804


11060 2710
292
4455
9957
2787



12012




35255


2518
8835
14919 14795



32247 26853

39
570 39


239 231


17645 15619
407



816
41504
213
10559
1943

4911 396
376 400


19710 14919

261 20476
213
24704

47554

10637 2715
109
2085
18851
30516
407 902

419 433
17691 17694
5471 4507
17690 9883
5873 39



44282 44342
39
419 424
39

58122




84589
396


396


15528 15514
5989
14993 20979
49799 50392
4455
419 424
5868

419

19439 39
4655



4652
39 7527

239 231
32598
17690 9883
39




44723
21073

23550
396




122

3234
32608

14511

19934



39
7145
21295
58020
22540
362

7499 4112
109
5624
122

379




6108

239 231

39
213


3877 2202
61743


213 7142

13033 21729
51376 49121

6301 120

18846

804 20893
10267 11797
39
38572
2526

473
24685
18962


461 423
8332 12863
22196 39

49668
58210 58211
2933
26
546

396 376



5636 5622
12903 621
36586 22

7920
4180 4121
3442
10604
407 902
14792 14906
2496

39
32267

1278

39
11531 39
15041

12854
2046

49308 2533
90

14564 19746
363
213

6980



7698 7706

4655

44971
9879
34999
51652
63923

902
9463
911

39


8025
840
1611 2046




39

12684
39
5958
213
19925 7142

213

16009 23616
5979 347
423 417

19683 19680
10613
36466
1182 2865

18579 231
42586

21133 376
19002 39
10637
39

4021 4024
213
13911 13917
31862 31861
15851 39
107 369
213



5624



360
122

804
29788 902
51933
173

39

213





26344 39
45270
4119

231



2740 15524



8619 7145

22270

2533


13918 14796
7142
30085

20573 17359
21576 612
554 39
12681
5710

11120



14916
8647
213
16657 19762

804 819
407



15524 2742
5700
10848 26835

29655


46362
31861 3442
2715


18961
4444
51 31361
8568

10267


6301
73458
39


423
819


9008 407
15851 39
447 34602


39

407 902
31861 3442
12908 39


5636
21073
9966

64763

225 12863

18189 10415


24549
19455 46899

24072 407

6461
16311

22270
3296
39
615 39


382
19049

407 902
225 17219

569
213

39


5397

369
231
376




12677
15264
31521
5092

35330 10252

98322
15264
19440


407 902
15524 2742
122



21519 213

11800




4022 4294
213

21073
841 837
7004
995
30046 7142

972 11601
32247 26853

17342 417
25167



41258 902


41365
12276
10008 39

63255 8156

245 231
5866
213 7142
24479
22058
1936
7501 14533

12014
20307 31551
6017


1761
213
19680 19671

213
3442
64009 7234


21
27761 18189
3971 15195

20747


16682
122
74329 71428

423
12853 19444

20664 15035


120
396

419 424

2444
23107
2903
3302 5078
407
225 17219


21840
122
17814
39

7948
112 369

41365 407
11321 9959
141
14243 11095
30516


23 84
7515


5854 39

21313 22270
396 376
902 407
22432 22270
419 424
1028 1201
122
61587
42724





14247 30464

357
24704


728 423
4553 39

109

12075



31862 31861
9937

4655



2677

471
2589 213





8807
9271

50392 49799


6275
15035
14792 15172
396

19095 21738
419
122
2533

5653

26418
109


8232
213


4 26
13917
19051 18977

39

39
7527 39


22047

12465 12480
362 368
16995

20002 18975

9271
5365 5109
2922

3442
15263 8830
18868
109


12857

19672



3510
407
17656 17682
396
46648
35686

39
3535
13098

8183
569 39

26210 29659
24704 73458

40087 2533

12625
45453
407 902


109
20512
45945 213
7524
122
50045 51093
213

6321


3977 15174
84 39

902 407
4428
469
21729 2663

5842 39
43024 66985




9271 36469

362


58518

407



231

33179
213



39 7522

18975
34381 18962

2202



7920
23186

14530
58236

2496


57532 52208
3688

2742 15528

2706 2710


18196 18189
407 902
38716 38717

21728

213
14521 23513

213
35186 32415

2715

25850
10255 10264

11060

423

6055

34602 514
4616
419 463
407

9781



419 463
24923

39
376
24418


4458 14919

39

6321
4454 13918
8835

2714
8496 9634



39






51796

15619 17452
2891
24704 73458
5399 5395
2533

28780
4109 6805

49451

20619 30464


4190 8835
5092
9693
48358 8617
12679
30085
39
26 11790


54705 407
213

19160 39
12659
7142
407
16016 43140

26345 26344
38828 12686


22270 21313


12828 9693
65034
6324
1201

9931 8189
2677

31920
548
20901

3159
419
21379
20664 13102
9991
109
2046
4190 15808

2753
362
19751
4109

109

3339

15370 5976
10413 13917
213



39
27243 15110
804

4115 4116
5854 39
17682




4112 39



8528
2460 2424

396
548
12014

11807
109
597 39

5085 3967 3977 3296
39


9251
109
6006

65335
194

39
17671

7920
21597 7142

24923

28415

5614 5381
8837
5662 5636
2706 9576




8189

49121 407

40383
19063 19091


15538 2744
8837 27009
28086
39
3511

261



24105 3315
24072 42586
4190 15808
29945
213
1936

4021
21073 17341

23042

29664
21424 8332

3442


2744 15519

447 514


24923
14530

36630 36629
144
14546 4697

20686 10353
407 902
49668 49595
15175 15026

22270
16134

8099 39
15985 14538

3694

21073 3291
6301



26
11248
24923

26503

26628 27047

419 463

217
407

18190 18182
109
4109
10815 13253



8496

18428
423
39
407 902
39


990 2321

5452
569
17671
6806 6803

39 611

35252 35253
12771 4559
38341 49121


16218 10528

51230
3698
20527
21659
14134

109

191
46673
4616
2416
4061

419 424
18163

417 427

2202
5636
369 376

32678



8835 4190

407 902
18938
866
14829

107 15170
213
41280 396

5975



109

1295 24238
32969
15283 9781



11060
2046

1771
1328
17683 17690
38931
213
24459
4461 4455
407
369 387
14521
3176



30474

838 840

19089
847 10743
8693
15370 5976
39
902 407
173
14134
23358 10267


4352
39746

396



24102 8156



17359 8012

1230 1229

213
7216
4652
14247
55987 902



39


4754
39


47554


421 419
3684

213


12993
4455
40087 2496
16020
39
7499
213
4928
19602

16258
39
63 5856


6980 6981

39


109

423 417


30085

3170
413
10267

31991 31992



360
213

39

23545

24529 42586
5997 1323


5673

3977 5092
407
22761 4455
20356



32415 17924
109
12633 12638
407 24072
17682 9883
217
5853 5865


19672 19660
7545

18977 19051
10188 4754
902
28086

22661 213
17134
30464
883
5849
31200 7142

2202

765
471

423





10415 18189

2911

26478 19895
39
11302

39


156
245 239

261 6096

16030 14511
2502
38933
556 39

16676
4888

12465
6722 6721



25180
2460



11797
12941 10505
39

11790 26

122

15985 14461
18961 19036
7545 9966
17954
15635 915



2473
25954 26577

173
21073
2709
231 239
3977 5092
376






213

30779

109
39
6304


419 424
909

19081 0

149
39
12446
65034
38064

11338 11349

8936 8941

213
6324
440 417

37683 12112
423
43692 26853
24923
15283

4653




9463 2713

54351
14532 19745
19384 39


36834

4835

4323
18975
4109



10006 39

997


7531
12644

902 407
4122
4364
10267

16016

8133

14134
6599 7184
18973
23106
2753 360
8576
122
5842 5856

1267
2533
35330 10252

39
213
754 750
39 611
5085
8835

2533 17204
84 39
41504

973



16675
39
3442
7142 19934
231 245

2604
13033 2663
38828 12686


13216 13180

407

2496
29170
49121 902
2533 17204
17353 10353
9926
12450 12449


804 819

17656 17682

18961
6324

569



4190


2496
27047

26207 29659
39




30051 213
15789
19397 19450

9559 20573

2669


12633



10243 911
64009


407 902
185 217


5452
3698
8528 353


18955 12908
184
6813 8666

911 532


407
4190 15808
18972
11324 11318
368

22270
997

36593 27

4323

35255 35253
10415
4671 4697

376
18846
5085
4655
30052
5399

804 20893


39


50160 52208

17341
10658
12767

7115 7114
26628 27047
396
407
231


14521


213
866
24529
387

17342 417

213
14564 7142
231 245
407 9008
51825
19784

41905
39





30779

28931

16939
12648
20527



3234


71410 64802
754


407

39
396
44217 44210


11338 11349

558
2911

407
13917
12686 38828
31992
5867 39
372 369

819 804


15370
10188
866

11790 26
902 407
14811 10415


396
8153



7706
231 239
396

14245 14247
17656 17682
5047

39

419
679 4655
12648 12683

407



39





30
34877
4294
225 8332

10256
4119
119

423
44971 4021
8690 5853


4652


17682 17758
22



5452
213
162
12213 343

19058 19076

461
14456
5067
237 231


213



14456
44359 407
7522

71303
2473




697
45509 45515


23550



2533





90
569

15041
4682

505
14511
4323
8941 4109
17690 15675


15411

78206

12635 1323
3291 362
2456
16508


19002 39

2045
17682 17690

17683
18170

5624 5638

500 423


16016
109




3306

396
42586

4190
22 34
3856 11480
30715

359
4217

902 9008

52209
213
28086
8784

70435

28 11790



4109
3442
1028
8647



4288 4005
19207 39
16022 7004

4459
9957
7920
1196
21

213

213

261 17323
6324




24072
18953
15242 30501

217

58587 407
4130 4161

39
11601
140
55500 44220

6005
292
33179
6324

18182 17924
4655
804
612 19164
21226

32608 407


6804
756

213
7145 213

39 7527

8831 15263
15172
2496 2524
39


34289 10613

4109 6810
72579

39
36826


6290
20573 17359


6838 213
14245
7515
8189
29092 10415
12480 6017




5653 5646



1169

11955


26
369 112

376
109

32525 33848
10415



14243


407 902

6329
2502






25122 6107
122
7920
31551

20527

18175

5856
49989

8798 10391
530 8823


30085


6320

396
376
6813 4109
51865

64009
407
2922
5984
21047 35406
19663 19661

26853 13026
14134
19743 19601
49121 407
25122 2720
27761 4836


22329


7515

63709
7115

4655

15313
22047
19036 18961
44268 2533
28415 2045
20573 17359
396
39
1943
9463 24079
4112
39
21224 5867
10037
5867
6301 120





19660 7139
525 911

54351

19447
63392

15370 28463

407

213


19672 33755
17656 17682
41 39
2447

4121 2534
3170


2713

10800 1761

39

26




750 754


362 368
51371 2533


21295 22437
39
35267 39


39
22270
52 39
122 4230
19149 15851



21073
427

112 387
39
35330 10252

990
425 17671


213

39
60800
22437
13279

13918

18189 14811
231 245
56926

15745


902
5991
36735

25122
9943


39
10245

206



6521 10256
29788

8354 225

39
369
213


28805

213

911

52554
109

6520


225

26478 19895

407 9008





48358 38798
12082

9972

32603


14795 14919

213
18938 627
419

3448



8189
15370
39
902 407

24185
19978 569


28422 4190
39
213
10209

51796


36205

5997 6685
213

9959
8977
4022




419
8602


39
8835
109

14518
1323 5997
407 902
292
9879
2044




45945 47554


49945
20573
144
52690



39
4109 4323
39

1369



12024
109


21073 3291

902 407

22488



22270
24529

920 141




90

5894
5867 39
8958 4109
213


76922

10834
44723
28651
3182

39
1011 1328

407 902

902
382 424
20381 17682
423 460
24685 15166
3315

19672

9781 2156
2710

24102 63255
20800 39

4109
19326
5465

407 902
4888

112 532
2416
32240
6321
245 231
407


17690 17683

39

213
840 844
43576





4109 4323
21326 32263

213
407 902
5997 1323
345
14521
407 902


30516
39
2558 12515
2706 2713



2533

213

347





39
10188
15370 51093


14906 14792


3977 15174
18974 567
5438

804

8703 39

258
19672 7139
2713

34574
19894 39
41
8835 15808



3501
21736
29788 902
122
11060
14537 39
17219 8332
52 39

376
20820 39
12903
2706

6321
117
31861
15175 3975
407
24923
10848 13026
65599

369 112
14517
18972


32506 11797


164
41504


376
13253

5742

623
29265 754


18493 39
14792 14906
213 7142
4928
457

2744 15518


4109
12863
20901 122




24967 24968
52237

28475
5049


11338 12024

4888
193

15026 3975



15195 915
38933
902 407


39
8331
14516
21224
20003 18975
213 7142
9927 9959

16148
2922

3170
14461
804

4323

57532 50160
3442


344 343

15283 9781
902 407


213
1227

360 408
10037

169
471 468
213
24530 24072
4652
24704 73458

2710
9930
39


419 463
396

4109
19212 19213



39
19668 19661
816 4310
6107 2720
31531 16279

19612 18962



12854
5624



21295 22437


4123
17340
3442
18977 19051


11527
4176
27798 18975

3442



6521 10255
7545
736 482

17769
417
39
21291
419 463
19777
6980
10849
902
52554 10245
12828 9693



50183
18963 19419




15248 24418

7151
213
49942
4655

18977 19051
112 532
5047
902 407
407
36466 9271
258
10267


10658
10658
213
407
9170
6321 6329

39
20979 14993

902 9003 407 24072


9959

39

9693 19725

804 24164 819 12444

12680
3450
52805


9463 9527
17317 20578 379 17344
2533
4652
376

10252
713
10227
2202 3877
213
13498
231
155
407

18866


396
20469 19392
28352
17160

2533
109
11527
6517 6489
369
2473


25545

2664

407


213
21295
10267 11797



14005

368

8624

21291 11527



4109

24529

231




10209

39
4310

407
7267
8837 27009
18962
39
5742
21313 22270
19745

225
24386 24164
17299 292

8700 39
396
21597 7142
14247

5638


4455 22761
39
9882

3564
49569
39
213
12650
447
22061

98319 96315

58532

24418 4816
16301

4 39
7531

2533 17204

15411


10250

14134



5856 5842




8598
4070




387


2533





9462 24968

12455 12453


12854 19658


19050 19036


24923
2496

816


64763
776 754
8307 225
43336 213
58218 24072

12854
122

292 17299


2502
4652
6804

19887

1611

2046

19075 18961

750
396
6321

14949
15146

400
22761

3972


19164

231 239

5399 8702


3234


43316
225 8332


407 902
30
36483
20002 19993



16150
804

5109 5365
396

4109

31585


2416
21326 32228
423
973
225 8332
423




419

9991
407 902

35330
369
19777


6103
28483 39906

95120
39
5615 5614

2510 2496
866
4652



86809
48761
396

4428
8835 4190
407
7920
3442
37707
54351
2496
109
14919 14914
343

39

423
92942

53571 50929
419 424
10613
20573
3688
3059
6006 5989
16218
213
213
2154 5369
20686 10353
9460 4230


2742

39
2533
14811 18189


14546

3296 5092
39
11937 11933
39

346


1238 5365

109

407 902
213 7142
61609
8763
225
39

39
30247
7392
109
22276
21592

98308

22270
1295 26911
3315

19059
6599
360







213 7142



4742 6461

19458 39


39
56138 407


20898

3977 15174

407
107 369
34999 27731

57801
39




5438 5432


2496
16134
3915 847
17029
8835
4021
11807 11820
20979 20981
27047
213
12573

15313
2046
4888
417 423

25699 24530
1178
12989


12075
2589 213
173
542
39
22047

427
2524 2496
17359 20573
11279 697

902
1932

52905
122





28197
24704

33528 31922
36826

396
43828


3510
423


107
7145 7142
2600 2604
900

546
5078 3296


231 239

109
4217


39
567 39
17317 379
1771
27930 26503



567 39

747 423
6017
58058 4918
360
396
19993 20002
554 39

213

24923
7512
217



1933
39

30201
5896
8598

2753

213
12479 6017
3564
25545


5381 5849
7234


26628 27047

213
39






902

30048 7142
65333




5997 1323
4459
17160
15619

20618


804 819
4917 697

50194
2533
7142 213

90
39

32240
213
4961 4964
37477

39720
816 12014
3448

39

22290
109
2714

5670

12684





18972
23550

231 239
34381 39036

2709
225
17814



19762

180
45 19063
6324

14872

32208 32597
213


71409 68354
6721 6724
4112 217
39

7752 5673



23616



122
9879
14538 14461
4022
122
8018 7948
4310

213
10250 20100
31444

292 413


7323
804 819



40929 419




4020
606



8650

36469 15831
9959
396

39
4112 39
47554
21326
2533
911 369

39

84 39
21689 28520


14243 30438
579 90
213 7142








239 231
122


5854
4619
39
396 376
14914 14919


400
8835 4190





15276 2156
369
213
2533
2922

107 912
5438 5432


8798 3925


4553 39
4308 804
45477 2533
408 360
217



19095 26

9008 407

39729 39
5441




20898
17683 9883

19059
39

39
7208
27047 26628
19672
12626





12469 12465

376
9559 17359
353 3698


902




36740
44971 4021

4836 18189

20214 697


31989
19915 5867


39
8690 5848

697

1761
3688
5092 14800
27531 31882



14247 36731
3688
407
17769



39

35920 36222
26234

579 39


8661
7142 213
419 424

109


54351
24685 15411
4879
39




5638 5624
3442
24479

3442

31228
2496
5381
9949
15619 14802


25122
17353

6320
24364
2744 15518


7948
407
902 407
2766
19671 19683


22270
900
213
140

31563
122

2085


19762




9019 29664
396

10353 17353
5992 5984
407 24072

4754

4283




89708


407 902

44210 44221
1 71
19051 18977


407 902
17924

5422
120 6301
44282 16944
369

23186

15524 2742

902

570

39
902

217




30516
33237
19718 14795

109










45945 47554
26628 27047


33993
39
3684
419 463
19993



217
12828 9693
213
122

231 239
39

19667
30434


213
39

213
11318
4507
23161


15248 4816

57368 24529
3448
2533
21326
423
5949
3564
213
14456
569
24529 56155
28086 32598
5047
32263


39
343 346



122 4230
32025
8655
911
8496

43022
39
10604

39



39

1235
7948


1269

840 837
4020
217


4507 5471


12625



7501

2710 11060
39




397 376

26628 27047
43348





2766

39


4754 10188

5146

396
2753 360
3442
9184



14134
2502 2504
419
98308 58020
5867
122
2473
419 424


51274 2518


109
376 369
38721
34267

47554


21085 21073
20686 10353
5873 19412



21073 3291
36875
11208
1969
19071 73
40498

35140
15518 2744
10000 39
20003


501 483

9957
57364
4109 4323

4308
376


804 20893
2677
2933
612

30048 7142

9999
141
4655
14399 14894
22270



7545

569
2744 15518


109
27492
24529
9646
71417
213
13253 19891

4021
2403 11527
47727 109


1262
