

4
519
760



5
0

7


3
7

20

31


7


7
7




4






130


7

31
33
896
14
5


7

98

842




625

0
1

3
310
118
120
33

60

7

101

4
3
448
3



195
7

474

7
383







0
270
224

28
28


10
260




198

232
89
87
130


38

136
511

3
28
10
111

610
582
5


26
94
201







7


75
951



94

4

31

666
4

7
365
4

7
7
7
70


842
5
314
203
792




68




277


87
343
72




169
161
190
440


7
230
38
846


4
7
347
20
7






7



70
109
14
96
87
7


4


89
89
701


122
26
4
82
361



176





247

747
31




4
39


70
7
521

86
103
131
311
87
198


222
7


7

260

172
0

151
762
58

85
893



925

311
5
758
428




96

0
12
3
419
130




161

101
775

707
0
154

7

604
685

136



121


129



130
942


7
169
770


391


4


7
121

4
713
721


0
7






112

7
89
382

223
3
343

661
7
116

38



22
60

658





7
237
4

31
847
664
7
389
555
9

60
31
4
722

690

948


154




47

472

47
346
185
896
172
4
7


4

18

107

9
7
7
940
358

583
556
213

7
892



53
4
474
75

228

116

555
281

121
28
582

4
425

891
7
70
9
24
704
814





202



130
130

22


47





931
141
58
47


7

0

7

663
610


910



573
57


257
0
148
876
5
252
414
157
4
7
9
7
4
38



198




226

7
3
210

129

7

407
394

89
7
547

7


7
22
515
75

538
390
7
542



683

654
7
75

307
3
0
414
347
4



57
7
220

483
165

3
4
0
7

22
75

7



591
89


7
22
70


236
87


345
413
495
594
316

252

1

161
198

4

7



299
161


457



861
182
7
5
298
57

94
632
358
641

3
9
38
7
739
7



774
311
22
9

38
663
420
7

7


347
116




7


7
343

4






886
169
57
176

663

605


472


7
343

77
22


293

38

652




347

176
71
9
594
317

22
161
9



31
854


31

764



75
575

385



281
425
561
22
57
38
57
252

121

0



455
71

5

60
801
20
579
22
7
5


7

7
0

75


0


3
89





194

0
154
47





593



7
281



815



7
376
667



223
396
293
12



683
7


7
113
341
4

57


721


4
89
31
842

4
7

22
116

116
425
4
460
4
618
326
22








3
3
22
301


92
22
7





7





797

3


70

2


7

17

301



282

7
38







112

396
7

1
94
376


347

130



68
9








72
383

4


109
0
689
243
573
823
890

68
28
7



201
837
419


136
169




17
447




409
31
7

252


4

158
161

12

7
736



347
169
38
7
899

146
4
370






89

60


130

7


202


14
68
202
4
154





7

7
42

22
198
7
662




26
354
22
22



75
71


7




7

7
407
149


477

57

98
136

87


752



542

7

131
761
18
116
307
210

7

3




7
7




669
453




370
7
198




89
4
7
396


164
198
7


5

7
70
268

70


198
252
236
31
60

30


151
4
7

94
203

10

225

22
7
7
750
5

908



4

867
161
0
638


7


311
134

931



31
223
38
4


274
10
946




31
22
138

38
176
7

236



838
3

89
3

409

10
7
22


66

4


449


26

412

18
842
223


7
161
281

743

345
72



31




327
783

470
94

130
591
142
146
142

7
7
38

66
35

7

285
409
362
12
7
47

236

47
930


137

70

347
518
7
22

7

525
281
75


347


9




385
130
663


4
22


10
22
7
9
7
250



618

643
85
318







0
98
14

766
409




574
7



615


146

130
129


17
89
3
161
7
22


26


7
89

718

4

7
667
151
347


126
7
130
69
22

223
905
622



131

4

151
187


12

146
7
3


643
31
419
18





260
7


7


4


7
573









9
324







252


88
4


304
22

7


31
136



22


180
692
180
425


172
7
7
696



3
131




12
358
7
540
17
130
425

141



7
4


4


31



203
4
38


161
60

93




7
94


378

57
75




130

368
768
28

453


308





7

5
38
87

583
7


38
270
0

299
591
4
68

410

699
75
0

14
375
162


161
47
381
19







172
3
4





22


57
47
129
87

561
151


7

3
176


58


7
533

326

184

587

686


425




601
282
112
57

157


7








9
240

416
199
154
111
161



3
472
31
719

904

1


31
574




7
670


1


11

58

38
4

1
4
12

75


476
433
667
863

198
343
60

89

169
56

7

417



323
7
889

7
9

7
1
318
161



5
7

7

7
57

667
383


201
60
10



4



7
60

198
1
111

905

38



17


915

172
3
7





698


369
28

4
315
542

7

0
4
451
87
360

118

7



324

301




31
7
860
89
176
57
182
38
510
260


456

198

4
599
198


7


3
154
301

17
410

0
161
413
666
171
187
0
342
121


130






12
4
60
4
584


399
70

474

7
528


7


564
36
88
7
12
151
60

669


31
159

7
47
281
4

98
57
311


205

0

7
226
7



429

57


529
7
57

252
70

7


345
221
419

4
354


203
637
450
131
646


7


272
22

663

60

553
708
4
296

87

7
38
647



165

518
833

94



118
537
857
670
198
182


17
7
136



141
151
7
344
518
203


7
449
319
472

129
28





7
38
462
471

70
4

252
5
87


116




5


130
242

89
89

314
406



931
60
324





127


5


58
532
378

130
16
38

870
216
57

918

591


797
98
116

198
127


111

31
547
72
14
223




408

7
0

131

130
22
98

38
74




895

474
416

332


281
7

477
47
109
54




370

4
777
26


7
346
89

7
9
189
31
252
7

666
382
89


47
866



696



396

268
7

9

5
7
842
22
22

89

945

58

847



126

38

94
716


97
352

396
31
369
842
22


296
7
186


338
7
18
407
31





31





305
22
98


47
89
5


347




343


7
102


7
89


9
162


243
3

4
0
270

777

12


7




843







201
7
84

356
7


863
60
9
274

121



12
31
86
136
370
334
425
4
402
12

356

347

47
7
7
28

270
61
14


7
31
326
7




157

887

96




161
130
210

260

281

343

12
281

7
22


187
413

20
136
571


130


446
47
853

500
7
31
10
10



31
452



121

558



270
349

916

154
633
101
223

518

70

121


7
47
333


744

118
198

10
767
57
655

153
22
499



255


243


31
7
22

146

625
582
130
0

31
3


9
7
7
483
204

46
22



47
311
76





7
7
4

3








3




89
70
60

4

326


126

70

130


7
412
273
268
72












7
161
677
130


7
7
745
176

47
130
38


38

436
79
38

347

5
57
39


4

38
116
605
9


31



5
89



121
650
112

773
7


482


109
151
101
37
4
9







1
116
3

58


636

681
281


0
198
94
0
58
7


136

681

154

382
533

60
157


7
131
4

47
14





75
60
57





31
14

121
89
542



9


31


378
31

339


259
7
4

75


477
7

130
38
9
3
680



38
87
198

625
114
162
201
94
0
122




897
169
529
7
26
839

47




223
396


3



130
215
925





7
375
151

70
884


166
541



4


583
0

7
176

112
68

472
3


68

811
3


130

407

89
7
490
268
9
4


129


198
57
7

412


3
176
540


60
359
47



0

20


865
296

244

657
116

87
0

814

3
57


221
7

5






7
358
9
57
4
89



934


486
873
0


38

922

7



89
736
57
245


366

12



373


12

12
327
121
98
0

4
7
593
9
7
7

383
203





14

347




130


673
187




28
535


365

205

109
60


188
89


281
0



130
14
405
31

304
472
38

7
347
510

60
176



425







112
412


286
121
7
18

0
7
4

176



431
633




198


4

931

60
3
131



154

31
496
358
924



567
252
20
66
236
7
7




445
31

347








176
7

58
7



533

26
131



89
537
279
488


130
509
210
94

7

395

94


427

196



5
70
570
94





7
0
116
64


87


51


3

57

112
89

57
154

22
280

425

57
396

396
409
87



47

1




7
785
57
14



216

72

78




425

109
347
877
472
252
31
131

9
4
223
383
243
4


169

22
69
776





124


130


130

7
198
177
47
388
0

7
270
887



68

131
425

412
22


5
7
22
347


17

87
4

7
71


124

7
0
17
655







200

252




753
89

570
7
4
89

72
57
4



80
28




4
433
64
89

116



22



288
7
412


236

270

34
38
7
7
631




311


14
789

4
343
864
7



353

31




7

7
157
413


118
585


198
905
31
9
7

306

412
22
328
4

533

7
1
9
70

634



223
87
22

326
17

675
68
60
162
0
407


554





7
7
124
513

112
471
17

807






60
46
235
534
7

105




4

4
9
425






719
58



101
839



346


0
7

4
0

380

18
943
861
12
4
7





4

7
64
311
270

522
4

187
9

9

4
152
375
4
4

124
116

357
201



4
4
31
60






129
14

252
98
94

252
22
7
666
0


479
172


85
14



75


75
822
130
7

22
176




562

343
591
31
38


5


400


696


203
553

68
381
47
252
83
53
12
260
342
636

834
161
31
146
70

347
383






160


101

243

320

290
421
112
9



9
17






89

644



4

474
101



34
17

157






22
60




7

46
22




98
38
394

9
22
0

765
105


31


145

75
89

13


347





311
4




529
611
3
87

176
111
31
7
89
130
604
600



130
111


842
131

198
146

4


7


116
94


4

116
4
931



31
38

489
7
44
89

202
170



3


7

149



920
579






0
75



89
117




146

10
22
89


89
22

31


560
116
7
742



70
477
48
7


426


408
7
243




89

162
70
109
71

109



22

530






4



302

7
31
4

198
349

294
324
68
22
541
253

9

7

7

89

103

202
75


89





38
7
933
4

412
9



341




7

7

4

127
347
20
873





4
151

25



57

583



7
0
10
7
3
247
261
503
518

145
202

87

370
827
38
57
57

101

4

57

121

60
3

70
5
842
7

7


311
7
12

38


146
355

879
533

474
198

540
75


691

68
7
9









7
4
187
22
7
31

7



483

111
283
7
705



7
7
7



17
7
22
7
7
584


31


0
108
4
515
927








243
165
75
47


821

704
30
716


31





72


5

3

138
598
396

112



7

581


176




268
418

5

38




311

414

358
452
631



161


66


98
130

415

472

4






10

89
794


281

583


113
70


725
455
38

191
689



383
210
9





202
22
130



89
0


95

3



7
75
640

7
901
1
7
7
22



866
60
591


87

157

3

311



166
479

89
444
4
52
151
4

7
456
3

304

685
7
47
7

31

303


881
276

7
141
353
455

869


22
786
154

375
7

9
0
7

7
89

116
53
293

4


7
559
1

621
141


643

866

238

154
424
12



7



10
9

4
385
114
396
123

419


172





258

7
22

7

842
22
7


154



89



7

735


519
254


1

343





500



28

98
197
447
12
4

813



281

116

123
247
154

70





518
451
7
161
203
28

663

31
7
38

656
434
540
31
28

161
472
62
116
593

4
146
22
0
721

7
568
0


7







38


314
236
412

17
146




7
7

7

70
588


331

9
343



7
838
660
4

144
198
4
21
240
4


160

58
98
71



60
4
89

176

5
151


557
162
346
582
116
29

7
281

130
347
615


269



247


121

493
98


141


111
154



389
351

179
94

31
31



72
1

7
7
347
4


31
87

31



31

7

75



579

358
85



347
31


474
9
20
89

47
14
14
180


582
4

60

641
89
22

22
4
26

252


56

130




4



5
7

82

803
31


1

22



130



116
790



130



836



57

38


447
363
7
468
252


7

7
763
868

390

112

87
7
228
31

169



18
297
7
71

4

343

89
0
419


4

146

902

0


354
746
797


252
912
7




6
252


7

455

4

7
763
89

236
47
31


198

375

667
345
0
10




4
130
345
28

7
621



4
7

620

4

126
451

928


317
900
31
405

151
243
252
72
816
349





131
935
132


910

423

3
75

22
341









7



281
839
18
7


47



72
236
419



817




529
18
7


270

618
586

7
7

754
70
7
357
3
825
7

1
9

28

3

0
89

724
31
7




153
363

626
781



7



4




7


304

47



401


633
10
94



413
7





407

7
621


385


22

898

557

533


154



33
38
752


96


332
161
357


151
167


47


105
663


7
545
153

7

87


7
782
86
70
272


31
394




12


7



7

7

7

167

31
604
110

748

7




151
22


519
210


7
94

734

666
60


89


172

40
314



60

251



176
4
47
60



28

488





68
621
381

291


198

808


4
38
324
144

236
223
22
311
28
9

130


198


47
7

849


22


658

7

899

4




425



89

667
621
4

10
203
10
7


75



322
138
281
7

17
7
252
4
157
7

89
583

484
905
168

3


7



0

89







281

821


46




89
0

213

7

60

7
950

68
24
231
223
94
3

28
4


284

552

776

322
98




7
634
591




4

1

130
634
553


252
842


347
4

14

198


146





201
346

223


472
3
709

229



31





7


419
38
7

130
66




358

271
111


60
829
94
894
357


154

198
130
131



47

328

1


555
130
57


31



713
10


281

22

265

75
7
5
109


31
347
89
66


130
43
449

449

198

319

7
247
87
7

425

396
58
87
98
749

4


281
410
226
7
3

509

661

89

31

3
7
7

835
7
10
941
3


121
923







7
7
38

210

31
22

3



57
236
7

7

430
357
131
371
7
70
7
151

3
582
14

9


407



214
31

530

4
602

259


112
911

466





548
4
145
105


688

281

22

204
17

358

10
130

4
238



31
252
47


241
736
477
207
360
26
38
28
26

819
161

101

540
98

7
45

826

31





70


31
22

176



472


4
146

169
3


7

121
26




439

907


22

38



4
127
7

350
504




89
425


555
5

156




7

70

57
17
7
667
3
252


419
420

4
89
401
7
10



416
4

7

7
154
94

7
10

409

10
89
82
7
22

7

866
4
22
586

425
66






4



396
0
7

4
82
5

38

9
17

909



101
4
31


368
696
141


14


7
130




89
375

550

105

589
857
111

4




412
75


121



268
840

931





370
1



4

22
4
89





305


397

116

621
7
70

161
472


347
604



60
7

4
1

7


301

4


38

136
720
31
74
218


396

639
14

70

34



60


109
506

136
306
70

7





347
86
682




9
565
888
1
221
121

131
763
4


844
130
188
7

577
70
14
304
7
38
70
98






621
31

364



57


12
555

26
38
5

64
4

22

530


5

382


0

22
325
75

375

726
498
417
38
57




4

326
87


0
198
247






100
151
22


405

7


7

89
274
4
57
538
645


172
0
804



566
198

385
47
38
35

14
228


7
319

34
657
38
175
744

47

47
28


1



57

130
7
0
131

605
583



198
85
87




4
22
710
87

38
4

87

71
515
5


38
597
515
223
116
358



577
181

7
31


94
89


38






22
121

933
866

7
7
17

7

60
4




252
9
47
483
22
57

68
151


96
618
509


4


4
7
31
3



130

624


89
7
356

59

413
612
7
483


22
5
38




60




116



929
763


38
87
57
151
662
875
7
252
28
116
12


4

176
433
706
505

7






3


7


529


7
38
390

169

116
151
157


28
7

311

38
599

591
4

7
4

343

7

1
7
281
89



441

5


425

113
31
663
7


72
131
5
4
7
7


7


272
7


101

605
223

480

131
47



146


937


588

756
136
763
182

91

12
531

0


0
300

7
12
529
385
9

778



759
9
121




621

7
622

4

130
4


295
4
390
452
161

756
5
574
130
75
330

517
4

172

89
4

573
385
425
7

0
268
7


154
752

202

382

98
18

7
419


57



130

4


22






130

683
7


47
12

75

7


663
89

335
90

270
157





243
9
87

791
4
103


47
270




157
187

236


459


87
370


70
472
32
58
346

87

130
57
601
114




68



7
196

17
57

161
7
154
539
58
385
7

614

375
151
3


120


104
4
31

89

7

382

98

167




47
157

7



618
591


170

169
141



263
9


4
20




38

146



94
4
830
22

7

667

74
7

9
7

162
896
75
358
17




382


87
494
431
672
495
60
85
157

70
12


7
524



438
270


913

70
17




7
253
71



4

223

7
9
662
509


22
451
22
189
604



850
87
4

633
38
7
871

9
71
4


7
161


131




22
22
66

131
47



7

7

99
4

55



897


3


96
96


22
131
522
540


676

425
198
4
3

3
22

187


412
7
665


12


4

7

7
22



22




382

4


82
419
223
109
172



63
220


1
176



419
3
233
7
572
75
622





311

95
28


57

4
7
662
7

727

383
0

7
347
89
802



507


162



7

7

17
396

146

152

301
116
583



101
89
402


382
666

618

7
111



926
7
31
31
9

0
7
7




10
301

425

7
87
309
327

343

14
4


26




65


161
131


28
0
472

347




206
368
714

176


715

464
151




131









22

94



38
579


9
874

202
130

87
529
121
525
38
545
563
31

580




7

7

7
672

198
22
47



454


31
223



396
472
372
75



347
47


38

14


259
17
3
176
455


897

509
695
437

534
944


385

267
385
146

771

89
7

4
356
492
87

87



838
87


220

57
252


7
154
130
89
730

22
10
4



371




50
60
10

0
581


12


17

311
319

71
161


89

5
7

236
425

538
458

5

7


453
7

57

0
87
401



7

38

116


7
22

5
38
7
805
27
903


151
625
327


161
7

57


174




65

38
679


151





31

136
7


169

7



75


75



210
880

176
3


7
726

14


349

94
31

57

7

22

375
4
347

893
161



489
22




483
914




7




252
721
474
354
94

943





154


281
4


22
31


7
584
412

326
38
3


851
738

47


7
7



855

130

347
210

0

3
949

451
22
154
650
807
635
161

694

31


7
7
98

7
343
116

852


154

7



203



22
7
302
9



7

7

52

118
252
332
7
7


4
7
425


129
34
131
198





696

7

146

143



336

98
98





549
131


591
483
130

5

4

104

633

130
96

71


12
89




410

116

72
7
150



425
227
382
75
203

60
626
467


270


326
89
509

31



763
508
87
117
604




641
17

7
197
4






136

22
4
94

116


47

87
5
329

379
243

412

10
94
847


497

17

7

57
47
396
4



578
381

130

886
858

671


583

223
1
28







151

425

178

12




659

4

60


455


138

101
136

157
7
4
89



412


838
203
161


98
87
7

57


0

882


636
4


7


5


702

172
89
87

7
116

109


313
7
9
87
637
146
627
75
162
383

146
763

274


4



89

588


740
10
47

346

894
113

89
506

576
140
4
131

445
684
425

591
7
4
3
0


0

347



7


7
70

147
856
202
523
7
29
12



360
4

270
201
22

947


3


154
3




345

419

693
325

343
7



246


4

159

546

7

157


419

31
193
374
89


542



22

89


7


89
124



112



474


621

9
908
53
53
89
780

57








94
311

591

7




763


126
327
70
451
249


252
7
24
828
70
621
621


151
12
323
0
711

7

301



859



22
31
131


800

627
4

135
583



85
299


7
7
236




735

4

3
22
38
47
238


94

31


31


4

3


170
5
398
4

204
663






281




17

31

154


606

12
396
7
604
7
117

105






295

60


35

7

131
818


85
330


116

7
131



7
9

202
98
453
7
670
203
4

31
7
674
3

4


5

474
105

47



75
520

5
154


89
229
301
60


124

47
7
7

7
7

12


31
461


0


114
559



331
247
3



3


276
87

4
64
353
130
87

337

12

4
47
38






0
8
278
60
4
47
85

94


203


57
146
422



4


14


10
784
347
7

4
47



609
501

105
150
7
96
7
17
247
347
583
141



3
161






89
656



81

385

38

98

89


788

57






4
3

89


169
7
4
145
281


63

111
145
301
327
156
474

814

477
17




505

60
162
191
731

637

763
87



75


365
451
3

9
38

114
130

582







31
7

239

653


7
31
201
57

668
157

243

154

12




7



201



18

475
252

193
75

72
529
7

7
666

70
411
687
60
529

7
223




7
22

240


612
7
343
741

591
377
7
7
89
121
9
146


209
516



3

7
4
0




271
131


75

182
931

217
141

613
601





7
622
7






66

683
396
89
345




3

3
492
176
613
98

18
4

105
649
7

7


425


370
151
810



793
87
3

7



151


607
4
22
425




118


587


201

425

438
382
525
131
12



529

698
57
66


98



120
70
436



0
7
219
31
7
151
31



463
772

60


125



390



345
57

7
29
28
94
87
7

7
30

67

9
89
413

12




436

17

3
3

49
229
883


4
12

7

311
7
4


611
477
301
848




9

4
70
121
252
98
126
161
154

383
506
10


169
7
93
287

111



9


351
72

349

662
10




31
31
581

75

603
154
4



31
9


14

812


419

85

425
743
202

591


75
70
7


9

921
769
47
7
136
932

7


130

425
70
7
211
68
243
7
7


85




65
9



9
277

540

157

761

7



130





393





31
4

7
4



472
146

9
384




130
161
119

479


616
263
175

529

28
383

629

7


473




238






640
1
4
3
98


535
7



345

270
73
127



60
748


22
223
22

70

382
70
22
7

7
87
312


98
14





346

60

4
7


841


478
4

47
7


7
7

161


703




621



106


70
919
281
22
151
70
353
7


7


7





385


910


519
53
954

12

94









7

514
582






304

7


22

116


4

7


75
7


268
57


57



272


47
29

89
929


14




98
4
15






26

31
412

89

4
425



824

425
4
136

236
435




445


60
60







4
4
292

891
705
727


396
253
404


75
7

0




89

126

111
252
111

419
7
126

22
118

7
365

275
314
1
433
7
4
512

7


642
4
315



474



4
234



648
337
7
22

706
153


7





342




10


7
7



121



474
4
0
4
375


755
232
4


126
116

12


89
130

271
425



281

38
66



7

544
22
87
326
4
387

304
7


216
356

47
31
85





423
281

31



4

732


28


751



154
765
608
60
383
4
7


7
155
7


131


198
130





167

450



445
7
591

187
38
7

621
14


885
3
667


7
421

56


31





243

7
3

87
7
38




5


700

31
302




57
0

12
60

38


917

169



346



121
691
23
48



22
667

1
407


348


3

447
314
30

173
157

596


4
236
116

236
22


5

72

200

375


31
7

123
4
113


7
7

22
270

10

47
96
236




70
75
60
386
70
7
3
3
223
311

667

0

3
478


98
223
7
47
3

131

4

187
7

623
728



7
526




203
4
87
7
130

146
0
112



68





301
465
179

4

7
154


798

281


7
47


154
628

547
350
141

721

353


412

326

7
74

619
252
57

39
4
4
419









4


7
41
28
47


89
10
552
7
807

57

7
154

130
385

7



7

7


787

9

33


725


3

305

17

47
20

22
472




198

396
393


223


7
566
38
689
70
130
952


253

131
7

7
161


197



866


7

4
621
7


687
201


143



131
322

248
519
7
7
0

1

109
161
733

799
22
131

346




4

31

7


7
831
7
57
161

87
7



139
57
7

4

57
7
569

38



7
172
146
651



47


845
3

130
38


419
411
31
12
281

9
7
252

7
70
172

316
265


465

7
18

164

795
5
17
118

31



94
4

133



4



130



7


1
141



618
7
590
58
130

7
111
321
543
0
469
7
862


203


57
136
57





22

22
12


334
47
806
252
910

89

161

236


31


579

347




7


87


115









591

1





4


938
5
343
89



193








1
789
412

264
70









17

247

953

22
9
38

663
47
7


31

105
47

5

131

847
0

281


679

375
363
4
270
443
198

4
670
57

212
43


128

4




281
12
7
7
3



4

151
7

442
4
501
198
796
75

26
89

7


7

9



729




4

705
161
9

5

3

157
605
7


553
252

141
3


17
930

201
232



89
58
198
161
169


9

22


141

3
630

53



617

939
14

112

294
3
643
4






518
22

112

22

22


121





872
31

7





38
591
60
131



4

31
123
712
274
14
105


262
70
138

433
425
130
57

7
641
347

419


7

268

169

130



809

396

4
4
7
370




358



47


98
176
326
0
451
163

85
72


7


821
0

105
367
7



5

130

122

75
540
57
14
321


47
535

131
7

169

0
412


85

626




22


116
383
47
502
22

130





305



0
47
114

60
71
29
192
717



57


60


3


7

7




315
116

396
4
7
75
726


89
4

31
7

666
123
101
491


832



60
126

737

385

821

7

3
390
7
89


5

293
270


75

7
131
60
385
906
4
57
223
47
22
404
370

411




175
256
116


335


121


203

123

289


777
236

89

87

0





7
527
157
723
7

198

89
4
438
779

385


146
131
1
533
116
481
201
590
487
89
89
31
31
38
49





22


4


22
22

4
7


7


821

130
131
46
588

31
9
130
22
382

113

311

396
47
176

47
7
748




126
340

1
403

618

390


210

636
936

208
3

130
409

0


4


10
843


354
890
7

820



847


3
169




146
3

7





98
94
842
176

138

551


89


94
697
22
0

17
14
4
22

583


89
87

138
151
0

47
4
146



419



347

22
7
75


9

58
22



839


763

243


146
4

7
141
87

382


20



839
131


7
7
7
7

9
878
57

485
4
268






7

311
285

4



1



202
70
47
798
7


326


12



662
268


60
506
3

536



68
22





17
182



130
343
392
89
75




202
124
268

161
396


58

757
7
7
223
7
131


204
3




302
161
4
124

130




60


308

293
4


17

96


4
38


670



370
66







7
483

667

55


116
169



4
57
183
266
238
87
22

31

1



118

301

595





143
131
4
301


268


391
7
385
509
22
449
167
592


432
131

66
347
413
0
28
599
7

151
176



678


301
12


484
7

385



203





307
419
26


4
347

89
5
451
4
11
176


360
4
