0 1 2 3 4 5
0 24 3
0 9 3 4
0 1 2
0 73 3
0 3 4 6
0 35 36 12 14 3 23
0 59 3 30
0 1 2
0 1 2
0 1 2
0 1 2
0 1 2
0 3 60
0 9 3 4
0 11 3
0 1 2 49
0 24 3
0 1 2
0 1 2
0 41 3
0 41 3
0 41 3
0 1 2
0 41 3
0 1 2
0 1 2
0 1 2
0 1 2
0 1 2
0 1 2
0 1 2
0 64 3
0 11 3
0 1 2
0 64 3 14 15
0 1 2
0 10 3 7
0 1 2
0 1 2
0 41 3
0 1 2
0 41 3
0 1 2 49
0 41 3
0 25 29
0 3 12 23
0 1 2
0 1 2
0 8 3 7
0 41 3
0 11 3
0 1 2
0 1 2
0 74 3
0 1 2 55
0 1 2
0 1 2
0 11 3
0 74 3
0 3 12 23
0 1 2
0 1 2
0 1 2 14 15
0 25 29
0 1 2
0 50 3
0 3 7
0 41 3
0 1 2
0 9 3 4
0 8 3 7
0 41 3
0 1 2
0 41 3
0 1 58
0 3 12 23
0 25 29
0 1 2
0 25 29
0 1 2 49
0 41 3
0 1 2
0 1 2
0 41 3
0 1 2
0 3 60
0 1 2
0 1 2
0 1 2 3 38 14 55
0 1 2
0 3 12 13
0 1 2
0 1 2
0 1 2
0 1 2
0 3 60
0 1 2 70
0 1 2
0 3 60
0 1 2
0 3 54 30 31
0 3 54 30 31
0 1 2
0 25 27 28
0 3 54 30 31
0 1 2
0 11 3
0 24 3 14 71
0 1 2 55
0 1 2
0 1 2
0 1 2
0 1 2
0 1 2
0 1 2
0 1 2
0 9 3 4
0 3 60
0 1 2
0 3 54 30 31
0 1 2
0 25 29
0 1 2
0 10 3 7
0 3 54 30 31
0 3 54 30 31
0 1 2 3 4 5 14 15
0 3 60
0 11 3
0 1 2
0 11 3
0 64 3
0 1 2
0 11 3
0 1 2
0 1 2
0 1 2
0 73 3
0 8 3 7
0 64 3
0 3 12 23
0 3 60
0 41 3 14 15
0 41 3
0 3 12 23
0 25 26
0 1 2
0 11 3
0 11 3
0 1 70
0 1 2
0 1 2
0 3 54 30 31
0 9 3 4
0 1 2 70
0 3 54 30 31
0 1 2
0 1 2
0 11 3
0 72 3 7
0 41 3
0 3 54 30 31
0 10 3 7
0 9 3 4
0 1 2
0 8 3 7
0 8 3 7
0 1 2 35 14
0 1 2
0 9 3 4
0 3 4 6
0 1 2 49
0 1 2
0 1 2
0 1 2
0 64 3
0 8 3 7
0 41 3
0 3 12 23
0 25 27 28
0 3 54 30 31
0 1 2
0 25 26
0 1 2
0 1 2
0 1 2
0 1 2
0 72 3 7
0 1 2
0 1 2
0 25 29
0 1 2
0 1 2
0 3 78 7
0 1 2
0 3 54 30 31
0 41 3
0 10 3 7
0 1 2
0 8 3 7
0 1 2
0 10 3 7
0 1 2 35 14
0 11 3
0 25 29
0 1 2
0 3 60
0 1 2
0 1 2
0 24 3
0 1 58
0 1 2
0 41 3 14 15
0 8 3 7
0 1 2
0 1 2 3 4
0 3 4
0 41 3
0 72 3 7
0 1 2
0 1 2
0 1 2 35 14
0 1 2
0 3 12 23
0 72 3 7
0 1 2
0 1 2
0 1 2
0 3 54 30 31
0 10 3 7
0 8 3 7
0 9 3 4
0 1 2 49
0 1 2
0 3 54 30 31
0 10 3 7
0 1 2 49
0 1 2
0 74 3
0 10 3 7
0 1 58
0 10 3 7
0 1 2
0 1 2
0 1 58
0 8 3 7
0 3 12 13
0 74 3
0 64 3
0 1 2
0 11 3
0 10 3 7
0 1 2
0 3 94
0 1 2
0 1 2
0 1 2
0 1 2
0 1 58
0 73 3
0 65 66 3 68 7 10 67
0 25 27 28
0 1 2 70
0 1 2
0 73 3
0 41 3
0 1 2 49
0 1 2 3
0 10 3 7
0 64 3
0 1 2
0 1 2
0 1 2
0 1 2
0 3 4 6 104 14 15 61
0 1 2
0 1 2
0 3 54 30 31
0 25 27 28
0 1 2
0 1 2
0 10 3 7
0 25 29
0 3 60
0 1 2
0 51 52 53 25 26
0 11 3
0 3 168 169 170 171 172 141 173
0 1 2
0 8 3 7
0 1 2
0 1 2
0 1 2
0 11 3
0 1 2 55
0 1 2
0 3 12 23
0 64 3
0 1 2 49
0 73 3
0 1 2
0 41 3
0 3 12 23
0 41 3
0 1 2
0 73 3
0 3 54 30 31
0 1 2
0 3 12 23
0 1 58
0 1 2
0 1 2
0 1 2
0 9 3 4
0 1 2
0 9 3 4
0 1 2 49
0 1 2
0 41 3
0 3 54 30 31
0 3 12 23
0 1 2 55
0 1 2
0 1 2
0 1 2
0 1 2
0 1 2
0 1 2
0 8 3 7
0 1 2
0 1 2
0 25 26
0 1 2
0 3 12 23
0 41 3
0 1 2
0 25 29
0 3 12 23
0 64 3
0 25 29
0 25 29
0 1 2
0 74 3
0 9 3 4
0 1 2
0 1 2
0 1 58
0 1 2
0 1 2
0 3 54 30 31
0 1 2
0 41 3
0 3 12 23
0 8 3 7
0 3 4 6
0 1 2
0 1 2
0 1 2
0 11 3
0 25 29
0 1 2 49
0 11 3
0 25 26
0 11 3
0 1 2
0 1 2
0 41 3
0 1 2
0 11 3
0 1 2
0 1 2 49
0 1 2
0 1 2
0 1 2
0 1 2
0 1 2
0 1 2
0 10 3 7
0 1 2
0 10 3 7
0 1 2
0 3 12 23
0 64 3
0 1 2
0 1 2
0 25 26
0 1 2
0 25 26
0 1 2
0 25 26
0 8 3 7
0 9 3 4
0 3 4 6
0 25 27 28
0 1 2
0 3 4 6 7 10
0 1 2
0 25 27 28
0 8 3 7
0 11 3
0 11 3
0 25 29
0 1 2
0 3 60
0 1 2 55
0 1 2
0 1 2
0 1 2
0 1 2 49
0 9 3 4
0 1 2
0 9 3 4
0 41 3
0 9 3 4
0 11 3
0 1 2
0 9 3 4
0 1 2
0 1 2
0 1 2
0 73 3
0 1 2
0 11 3
0 1 2
0 1 2
0 1 2
0 1 70 71 75 76 14
0 41 3
0 1 2
0 3 71 10 7 14
0 1 2
0 1 2
0 41 3
0 25 29
0 8 3 7
0 3 12 13
0 73 3
0 1 2
0 1 2
0 25 3 28 27
0 8 3 7
0 11 3
0 1 2 49
0 1 2
0 1 2 49
0 11 3
0 1 2 71 75 76 14
0 1 2
0 3 54 30 31
0 1 2
0 1 2
0 41 3
0 1 2
0 11 3
0 25 29
0 50 3
0 3 60
0 3 60
0 1 2
0 1 2 3 4 5
0 64 3
0 25 27 28
0 1 2
0 3 12 13
0 25 29
0 50 3
0 64 3
0 1 2
0 1 2
0 1 2
0 1 2
0 1 2
0 1 58
0 3 54 30 31
0 1 49
0 1 2
0 10 3 7
0 1 2
0 74 3
0 1 2
0 1 2
0 1 2
0 11 3
0 24 3
0 1 2
0 1 2
0 72 3 7
0 1 2 70
0 41 3
0 1 58
0 50 3
0 41 3
0 32 3 30 31
0 1 2
0 10 3 7
0 41 3
0 1 2
0 1 2
0 3 4
0 1 2
0 3 60
0 1 2
0 1 2
0 1 2
0 1 2
0 1 2
0 1 2
0 41 3
0 64 3
0 1 2
0 1 2 3
0 9 3 4
0 1 2
0 1 2
0 8 3 7
0 1 2
0 3 4 6
0 41 3
0 1 2
0 3 4 6
0 11 3
0 1 2
0 41 3
0 10 3 7
0 41 3
0 1 70
0 3 133 12 14 15 16 17 23
0 64 3
0 3 60
0 11 3
0 1 49
0 72 3 7
0 1 2
0 3 54 30 31
0 1 2
0 1 2
0 1 2
0 50 3
0 1 58
0 3 60
0 1 2
0 25 29
0 1 2
0 3 60
0 1 2
0 3 54 30 31
0 1 2
0 1 2 49
0 1 2
0 1 2
0 10 3 7
0 25 29
0 8 3 7
0 72 3 7
0 1 2
0 1 2
0 72 3 7
0 3 4 6
0 1 2
0 59 3 30
0 1 2
0 1 2
0 3 54 30 31
0 8 3 7
0 1 2
0 51 52 53 25 29
0 41 3
0 10 3 7
0 3 54 30 31
0 1 2 49
0 41 3
0 41 3
0 1 2
0 1 2
0 25 29
0 3 4 6
0 25 29
0 3 4 6
0 41 3
0 3 60
0 41 3
0 10 3 7
0 1 2
0 1 2
0 1 2
0 1 2
0 3 12 23
0 72 3 7
0 1 2 55
0 1 2
0 1 2
0 1 2
0 9 3 4
0 1 2
0 50 3
0 1 2
0 9 3 4
0 8 3 7
0 1 2 49
0 1 55
0 1 2
0 1 2
0 41 3
0 11 3
0 3 12 13
0 73 3
0 1 2
0 1 58
0 3 12 13
0 64 3
0 10 3 7
0 1 2
0 10 3 7
0 25 29
0 11 3
0 1 2
0 25 27 28
0 1 2
0 1 2
0 1 2
0 1 2
0 1 2
0 1 2
0 10 3 7
0 3 12 23
0 1 2
0 3 60
0 1 2
0 41 3
0 64 3
0 25 26
0 3 12 23
0 1 2
0 1 2
0 1 2
0 73 3
0 1 2
0 41 3
0 1 2 35 14
0 1 2
0 1 2
0 1 2
0 1 2 70
0 1 2
0 57 3 30 59
0 9 3 4
0 11 3
0 1 2
0 41 3
0 1 58
0 25 26
0 1 2
0 1 2
0 8 3 7
0 1 2
0 1 2
0 41 3
0 1 2 58
0 3 7 104 10 14 15 150 61
0 1 2
0 72 3 7
0 1 2
0 73 3
0 1 2
0 1 2
0 1 2 14 15 61 62
0 1 2
0 1 2
0 1 2
0 1 2
0 1 2
0 25 29
0 51 52 53 25 29
0 1 2 35 14 58
0 8 3 7
0 1 2
0 1 2
0 9 3 4
0 25 26
0 10 3 7
0 3 7
0 1 2
0 3 12 23
0 3 12 13
0 41 3
0 1 2
0 11 3
0 10 3 7
0 1 2
0 1 2
0 1 2
0 11 3
0 41 3
0 1 2
0 1 2
0 41 3
0 41 3
0 1 2 49
0 3 4 6
0 1 2
0 1 2 49
0 3 12 13
0 1 2
0 1 2
0 10 3 7
0 8 3 7
0 3 12 23
0 72 3 7
0 1 2
0 1 2
0 1 2
0 64 3
0 51 52 53 25 27 28
0 8 3 7
0 64 3
0 41 3
0 1 2
0 1 2
0 41 3
0 1 58
0 1 2
0 3 63
0 1 2
0 10 3 7
0 1 2
0 1 2
0 1 2
0 3 54 30 31
0 1 58
0 25 29
0 64 3
0 3 60
0 1 2
0 9 3 4
0 1 2
0 1 2
0 1 2
0 1 2
0 73 3
0 9 3 4
0 1 49
0 1 2
0 1 2
0 3 60
0 3 71 74 75 76 14 86
0 25 29
0 73 3
0 3 54 30 31
0 1 2
0 11 3
0 1 2 49
0 3 12 13
0 1 2
0 1 2
0 3 12 23
0 1 2
0 1 2
0 11 3
0 1 2
0 1 2
0 1 2 49
0 1 2
0 11 3
0 96 3 37 7 10 14 15 16
0 8 3 7
0 25 29
0 1 2
0 1 2
0 64 3
0 1 2
0 1 2
0 186 15 14 87
0 1 2
0 1 2
0 1 2
0 3
0 1 2
0 1 2
0 1 2
0 1 2 35 14 83 84
0 3 60
0 1 2
0 1 2
0 1 2
0 41 3
0 1 2
0 64 3
0 3 54 30 31
0 3 164 156 51 185 187 188 189 190 191
0 1 2
0 3 54 30 31
0 1 2
0 10 3 7
0 3 54 30 31
0 3 77 14 15 24
0 1 2
0 9 3 4
0 3 60
0 64 3
0 8 3 7
0 3 54 30 31
0 11 3
0 1 2
0 11 3
0 1 2
0 1 2
0 11 3
0 25 29
0 1 2
0 9 3 4
0 1 2
0 41 3
0 25 29
0 1 2
0 1 2
0 1 2
0 1 2
0 1 2
0 1 2
0 1 2
0 1 2
0 1 2
0 1 2 70
0 8 3 7
0 1 2
0 1 2
0 3 12 23
0 11 3
0 1 2
0 1 2
0 3 12 23
0 1 2
0 1 2
0 1 2
0 1 2
0 3 63
0 25 29
0 3 12 13
0 3 4 6
0 8 3 7
0 8 3 7
0 41 3
0 10 3 7
0 1 2
0 11 3
0 10 3 7
0 1 2
0 1 2 70
0 1 2
0 1 2
0 1 2
0 3 12 23
0 3 54 30 31
0 8 3 7
0 3 12 23
0 1 2
0 1 2 71 75 76 14
0 1 2
0 11 3
0 1 2
0 3 12 23
0 11 3
0 9 3 4
0 64 3
0 1 70
0 1 2
0 25 26
0 11 3
0 10 3 7
0 51 52 53 25 29
0 1 2
0 41 3
0 1 2
0 3 4 6
0 25 26
0 3 12 13
0 10 3 7
0 1 2
0 57 3 30
0 1 2
0 1 2
0 1 2
0 1 2
0 3 60
0 1 2
0 1 2
0 10 3 7
0 1 2
0 1 2
0 1 2
0 3 12 23
0 73 3
0 1 2
0 41 3
0 1 2
0 1 2
0 11 3
0 3 7 8 77 14 15
0 9 3 4
0 41 3
0 1 2
0 1 2
0 1 2
0 73 3
0 3 12 23
0 8 3 7
0 1 2 55
0 41 3
0 1 2
0 8 3 7
0 1 2
0 1 2
0 41 3 14 15
0 1 2
0 9 3 4
0 1 2
0 41 3
0 8 3 7
0 1 2
0 8 3 7
0 3 12 23
0 1 2
0 1 2
0 11 3
0 1 2
0 3 60
0 1 2
0 1 2 71 75 76 109 14
0 10 3 7
0 3 14 15 25 27 28
0 1 2
0 1 2
0 72 3 7
0 73 3
0 1 2
0 64 3
0 3 54 30 31
0 1 2
0 1 2 35 14
0 1 2
0 1 2
0 41 3
0 41 3 14 15
0 1 2
0 3 54 30 31
0 1 2
0 1 2
0 1 2
0 1 2
0 1 58
0 24 3
0 3 54 30 31
0 1 2
0 1 2
0 1 2
0 1 2
0 1 2
0 1 2
0 1 2
0 25 26
0 3 12 23
0 1 2
0 1 2
0 11 3
0 41 3
0 1 2
0 1 2
0 1 2
0 73 3
0 41 3
0 41 3
0 41 3
0 1 2
0 1 55
0 1 2
0 73 3
0 3 41 14 15 61
0 25 29
0 8 3 7
0 1 2
0 73 3
0 1 2
0 50 3
0 1 2
0 1 2
0 64 2 3 1
0 25 29
0 3 54 30 31
0 41 3
0 3 4 6
0 1 2 35 14
0 41 3
0 1 2
0 11 3
0 1 2
0 3 12 23
0 64 3
0 1 2
0 1 2
0 1 2
0 1 49
0 1 2
0 41 3
0 11 3
0 1 2
0 1 2
0 1 2
0 3 12 23
0 41 3
0 1 2
0 1 2
0 1 2
0 51 52 53 25 29
0 1 2 35 14 83 84
0 1 2
0 1 2 49
0 168 3 141 169
0 41 3
0 3 12 23
0 1 2 49
0 98 3 71 76 75 12 14
0 3 102 103 14 59 30
0 1 2
0 1 2
0 3 94
0 3 12 23
0 1 2
0 1 2
0 1 2
0 8 3 7
0 1 2
0 1 2
0 1 2
0 64 3
0 41 3
0 1 2
0 3 54 30 31
0 1 2
0 3 12 77 14 15 23
0 8 3 7
0 1 2
0 64 3
0 25 26
0 1 2
0 64 3
0 1 2
0 1 2
0 25 29
0 1 2
0 3 4
0 1 2
0 1 2
0 3 4 6 7 104 10 78 15 14 61
0 1 2
0 10 3 7
0 1 2 55
0 3 12 23
0 8 3 7
0 64 3
0 32 3 30 31
0 64 3
0 1 2
0 1 2
0 3 12 23
0 3 71 12 14 23
0 72 3 7
0 1 2
0 8 3 7
0 1 2
0 8 3 7
0 64 3
0 25 27 28
0 1 2
0 1 2
0 1 2 49
0 25 29
0 1 2
0 1 2
0 1 2
0 25 29
0 3 12 23
0 9 3 4
0 3 4 6
0 1 2
0 41 3
0 3 4 6
0 51 52 53 25 29
0 35 36 71 74 75 76 14 3 86
0 3 63
0 64 3
0 1 2
0 25 26
0 1 2
0 1 2
0 8 3 7
0 1 2
0 1 2
0 1 2
0 1 2
0 8 3 7
0 1 2
0 41 3
0 1 2
0 41 3
0 1 58
0 3 12 23
0 1 2
0 1 2
0 1 2 49
0 1 2
0 3 12 23
0 1 2
0 3 71 74 75 76 14 86
0 1 2
0 1 2
0 64 3
0 11 3
0 1 2
0 1 2
0 3 12 23
0 41 3
0 1 2
0 1 2
0 1 2
0 1 2
0 3 7 104 10 14 15 61
0 64 3
0 1 2
0 1 2
0 51 52 53 25 29
0 1 2
0 25 26
0 3 12 23
0 1 2
0 1 2
0 73 3
0 25 26 29
0 41 3
0 1 2 3 4 5 6
0 25 26
0 1 2
0 1 2
0 3 12 23
0 1 2
0 3 60
0 10 3 7
0 3 54 30 31
0 73 3
0 64 3
0 3 4 6
0 3 60
0 8 3 7
0 41 3
0 1 2
0 9 3 4
0 41 3
0 1 2
0 1 2
0 1 2
0 50 3
0 1 2
0 1 2
0 8 3 7
0 1 2
0 11 3
0 3 4 5
0 1 2
0 1 2
0 1 2 49
0 1 2
0 1 2
0 1 2
0 1 2
0 1 2
0 1 2
0 1 2
0 41 3
0 25 29
0 3 12 13
0 8 3 7
0 10 3 4 7
0 25 26
0 73 3
0 1 2
0 1 2
0 3 4 6
0 1 58 14 15
0 1 2
0 1 2 49
0 8 3 7
0 1 2
0 3 12 23
0 3 54 30 31
0 11 3
0 11 3
0 57 3 30
0 1 2
0 1 2 49
0 1 2
0 3 12 23
0 41 3
0 3 168 169 141 14 15
0 1 2
0 73 3
0 3 12 23
0 1 2
0 3 4 6
0 1 2
0 41 3
0 1 2
0 3 37 7 8 11 14 15 16 155
0 1 2
0 9 3 4
0 1 2
0 3 94
0 11 3
0 64 3
0 9 3 4
0 3 12 23
0 1 58
0 10 3 7
0 1 2
0 1 2
0 1 2
0 9 3 4
0 9 3 4
0 3 4 6
0 41 3
0 11 3
0 51 3 36 198 199 200 12 13 14 35 85 23
0 10 3 7
0 3 12 13
0 10 3 7
0 1 2
0 1 2
0 3 12 23
0 1 2
0 1 2
0 1 2
0 3 60
0 1 2
0 11 3
0 1 2
0 41 3
0 10 3 7
0 73 3
0 74 3
0 11 3
0 1 2
0 1 2
0 1 77 14 15 58
0 1 2
0 1 2
0 3 60
0 1 58
0 9 3 4
0 11 3
0 1 2
0 1 2
0 1 2
0 1 2
0 10 3 7
0 41 3
0 1 2
0 3 12 23
0 1 2
0 25 26
0 3 12 23
0 8 3 7
0 1 2
0 10 3 7
0 11 3
0 10 3 7
0 11 3
0 1 2
0 1 2
0 1 2
0 1 2 49
0 1 2
0 1 2
0 10 3 7
0 1 2 49
0 1 2
0 1 2
0 3 12 14 15 16 17 23
0 3 54 30 31
0 72 3 7
0 1 2
0 1 2
0 10 3 7
0 11 3
0 1 2
0 1 2 49
0 1 2
0 25 26
0 3 12 13
0 1 2
0 1 2 49
0 1 2
0 1 2
0 41 3
0 1 2
0 41 3
0 1 2
0 1 2
0 11 3
0 1 2 3
0 1 2
0 1 2
0 8 3 7
0 3 4
0 1 2
0 11 3
0 1 2
0 1 2
0 3 12 23
0 35 44 42 43 12 45 14 15 48 3 46 47
0 73 3
0 1 70
0 1 2
0 41 3
0 64 3
0 1 2 70
0 10 3 7
0 1 2
0 1 2 49
0 1 2
0 1 2
0 1 2
0 1 2
0 1 2
0 8 3 7
0 1 2
0 9 3 4
0 50 3
0 41 3
0 3 4 6
0 1 2 147 148 149
0 1 2
0 1 2
0 25 27 28
0 1 2
0 1 2
0 3 12 23
0 3 12 23
0 25 29
0 1 2
0 14 15 144 25 26 90
0 10 3 7
0 64 3
0 1 2
0 1 2
0 3 4 6
0 1 2
0 1 2 70
0 9 3 4
0 25 29
0 72 3 7
0 64 3
0 11 3
0 10 3 7
0 10 3 7
0 25 29
0 72 3 7
0 9 3 4
0 1 2
0 10 3 7
0 41 3
0 3 71 74 75 76 14 86
0 64 3
0 3 78 7
0 1 58
0 3 14 35 126 54 125 30 31
0 73 3
0 1 2
0 59 3 30
0 1 2
0 1 2
0 1 2 70
0 41 3
0 1 2
0 1 2
0 35 36 12 14 3 85 23
0 10 3 7
0 1 2
0 1 2
0 10 3 7
0 11 3
0 3 12 23
0 25 29
0 3 94
0 1 2
0 41 3
0 1 70
0 3 78 7
0 11 3
0 41 3
0 1 2
0 41 3
0 11 3
0 1 2
0 3 12 23
0 25 26
0 41 3
0 25 29
0 1 58
0 72 3 7
0 8 3 7
0 73 3
0 10 3 7
0 41 3
0 1 2
0 3 141
0 3 4 6 104 14 15 61
0 64 3
0 73 3
0 10 3 7
0 1 2
0 3 4 6 7 104 10 14 15 61
0 72 3 7
0 10 3 7
0 1 2
0 3 12 13
0 10 3 7
0 73 3
0 1 2
0 1 70
0 1 2
0 1 2
0 1 2
0 41 3
0 3 12 14 15 16 17 23
0 1 2
0 3 4 6
0 1 2
0 25 29
0 1 2
0 64 3
0 8 3 7
0 1 2
0 41 3
0 11 3
0 25 29
0 8 3 7
0 73 3
0 1 2
0 1 2 70
0 1 2
0 3 12 23
0 3 12 23
0 41 3
0 1 2
0 73 3
0 1 2
0 41 3
0 3 4 6
0 1 2
0 1 2
0 3 11 77 14 15
0 1 2
0 1 3 71 41 75 76 14
0 10 3 7
0 11 3
0 1 2
0 1 2
0 1 2
0 1 2
0 1 2
0 1 2
0 3 60
0 41 3
0 25 29
0 1 2
0 41 3
0 3 94
0 3 60
0 1 2
0 10 3 7
0 1 2
0 41 3
0 1 2
0 3 41 14 15 61
0 1 2 49
0 3 71 8 7 76 14 75
0 1 2
0 9 3 4
0 41 3
0 1 2 3 38 14 55
0 1 2
0 11 3
0 1 2
0 1 2
0 3 12 23
0 51 52 53 25 26
0 1 2
0 1 2 49
0 1 2 14 15 49
0 1 2
0 25 29
0 1 2
0 1 2
0 1 2
0 3 12 23
0 41 3 14 15
0 1 2
0 41 3
0 1 2 70
0 72 3 7
0 1 58
0 3 78 7
0 8 3 7
0 1 2
0 57 3 30
0 10 3 7
0 1 2
0 11 3
0 1 2
0 11 3
0 1 2
0 3 12 23
0 24 3
0 3 54 30 31
0 1 2
0 3 4 6
0 1 2
0 1 70
0 1 2
0 25 29
0 10 3 7
0 1 2
0 1 2 49
0 3 4 6
0 41 3
0 25 29
0 3 12
0 1 2
0 41 3
0 1 2
0 9 3 4
0 1 2
0 1 2
0 1 2
0 1 2
0 8 3 7
0 1 2 77 14 15
0 74 3
0 1 2
0 9 3 4
0 1 2
0 3 54 30 31
0 9 3 4
0 1 2
0 3 12 23
0 1 2
0 1 2
0 32 3 30 31
0 10 3 7
0 1 2
0 1 2
0 1 2
0 64 3
0 1 2
0 1 2
0 3 4
0 3 54 30 31
0 10 3 7
0 1 2
0 1 2
0 3 54 30 31
0 1 2 70
0 1 2
0 1 2
0 41 3
0 8 3 7
0 8 3 7
0 1 2
0 10 3 7
0 25 29
0 64 3
0 1 2
0 41 3
0 1 49
0 1 2
0 8 3 7
0 3 4 6
0 73 3
0 3 54 30 31
0 1 2
0 3 54 30 31
0 3 4 6
0 41 3
0 1 2 35 14
0 25 26 29
0 1 2 3 4
0 1 2
0 1 2
0 1 2
0 11 3
0 73 3
0 1 2
0 1 2
0 1 2
0 1 2
0 41 3
0 1 2
0 72 3 7
0 41 3
0 1 2 35 14
0 1 2
0 1 2
0 72 3 7
0 1 2
0 1 2
0 1 2
0 3 12 23
0 8 3 7
0 1 2
0 1 2 25
0 73 3
0 25 29
0 1 2
0 1 2
0 3 12 23
0 1 2
0 3 12 23
0 11 3
0 1 2
0 73 3
0 11 3
0 1 2
0 32 3 30 31
0 1 2
0 3 4 6
0 25 29
0 3
0 72 3 7
0 3 164 12 51 23 185
0 3 12 13
0 8 3 7
0 10 3 7
0 3 12 13
0 41 3
0 1 2
0 59 3 30
0 1 2
0 3 12 23
0 3 30 31
0 3 54 30 31
0 1 2
0 1 2
0 1 2
0 3 12 23
0 1 2 35 14
0 3 12 23
0 1 2
0 50 3
0 3 78 7
0 1 2
0 1 2
0 3 60
0 9 3 4
0 41 3
0 10 3 7
0 64 3
0 33 3 36 7 8 14 40 67
0 9 3 4
0 25 26
0 3 12 13
0 41 3
0 25 3 28 27
0 1 2
0 57 3 30
0 3 12 23
0 1 2
0 50 3
0 73 3
0 8 3 7
0 8 3 7
0 3 4 6
0 1 2
0 1 2
0 1 2
0 3 12 13
0 3 12 23
0 1 2
0 8 3 7
0 1 2
0 3
0 64 3
0 1 58
0 73 3
0 1 2
0 41 3
0 3 4 6
0 1 2
0 41 3
0 1 2
0 41 3
0 1 2 14 15
0 1 2
0 11 3
0 1 2
0 11 3
0 1 2
0 1 2 55
0 1 2
0 3 94
0 3 4 6
0 3 12 23
0 3 12 23
0 3
0 1 2
0 72 3 7
0 1 2
0 1 2
0 73 3
0 41 3
0 10 3 7
0 3 54 30 31
0 11 3
0 1 2
0 51 52 53 25 27 28
0 1 2
0 3 94
0 1 2
0 3 4 6
0 3 78 7
0 3 12 23
0 8 3 7
0 3 78 7
0 41 3
0 41 3
0 1 2
0 3 12 23
0 41 3
0 10 3 7
0 1 2
0 1 2
0 64 3
0 1 2 35 14
0 25 27 28
0 1 2
0 11 3
0 3 60
0 3 12 23
0 25 26
0 25 29
0 41 3
0 1 2
0 8 3 7
0 1 2 49
0 8 3 7
0 1 2
0 3 4 6
0 3 94
0 1 2
0 25 3 28 27
0 1 2
0 41 3
0 1 2
0 1 2
0 3
0 3 60
0 1 2
0 1 2
0 1 58
0 1 2
0 8 3 7
0 9 3 4
0 3 54 30 31
0 1 2
0 1 2
0 10 3 7
0 1 2
0 1 58
0 3 12 23
0 1 2
0 3 54 30 31
0 1 2
0 1 2 70
0 3 4 6
0
0 1 2 3
0 73 3
0 1 2
0 1 2
0 73 3
0 64 3
0 1 2
0 8 3 7
0 8 3 7
0 8 3 7
0 1 2 3 38 14 55
0 10 3 7
0 9 3 4
0 1 2
0 10 3 7
0 1 2
0 1 2
0 74 3 14 71
0 1 2
0 9 3 4
0 1 2
0 1 2
0 1 2
0 72 3 7
0 25 29
0 3 12 14 15 23
0 1 2
0 1 2
0 1 2 3 4 5
0 1 2
0 1 2
0 25 26
0 1 2 35 14
0 1 2
0 1 2 3 4 5
0 1 2
0 25 29
0 1 2
0 11 3
0 41 3
0 3 11 54 30 31
0 8 3 7
0 9 3 4
0 41 3
0 8 3 7
0 3 12 23
0 1 2
0 9 3 4
0 1 2
0 33 3 36 40 14 54 30 31
0 41 3
0 3
0 1 2
0 3 54 30 31
0 1 2
0 1 58
0 1 2
0 11 3
0 1 2 3 4 5
0 1 2
0 10 3 7
0 1 2
0 3 60
0 1 2
0 1 2
0 1 2
0 3 4 6
0 3 63
0 24 3
0 1 2
0 1 2
0 74 3
0 41 3
0 41 3
0 3 12 23
0 1 2 49
0 41 3
0 25 27 28
0 25 29
0 1 2
0 41 3
0 73 3
0 50 3
0 41 3
0 11 3
0 1 2
0 1 2
0 1 2
0 3 60
0 9 3 4
0 1 2
0 3 60
0 3 4 6
0 3 12 23
0 64 3
0 1 2
0 9 3 4
0 3 12 23
0 1 2
0 25 29
0 73 3
0 1 2
0 1 2
0 25 29
0 8 3 7
0 1 2
0 64 3
0 11 3
0 10 3 7
0 1 2
0 1 2 49
0 1 2
0 1 2
0 1 2 49
0 1 2
0 3 12 23
0 1 2
0 11 3
0 8 3 7
0 1 2
0 41 3
0 64 3
0 41 2 3 1
0 25 29
0 25 29
0 3 12 23
0 1 2
0 3 54 30 31
0 41 3
0 3 12 23
0 73 3
0 9 3 4
0 25 27 28
0 1 2
0 10 3 7
0 1 2 77 14 15
0 41 3
0 1 2
0 3 60
0 1 2
0 1 2
0 64 3
0 8 3 7
0 8 3 7
0 41 3
0 41 3
0 3 12 13
0 1 2
0 3 63
0 1 2
0 1 2
0 1 2
0 3 12 23
0 73 3
0 25 29
0 11 3
0 3 54 30 31
0 3 60
0 1 2
0 1 2
0 1 58
0 1 2
0 41 3
0 1 2
0 1 2
0 1 2
0 1 2
0 41 3
0 1 2
0 11 3
0 1 2
0 3 41 14 15 61
0 1 2
0 10 3 7
0 1 2
0 1 2
0 11 3
0 3 12 23
0 1 49
0 41 3
0 1 2 38 139 140 14
0 1 2
0 8 3 7
0 41 3
0 41 3
0 3 4 6
0 1 2
0 3 7 136 10 14 151
0 1 2
0 11 3
0 64 3
0 1 2 35 14 83
0 1 2 35 14
0 1 2 49
0 73 3
0 25 26
0 41 3
0 1 2
0 41 3
0 1 2
0 72 3 7
0 1 2
0 3 12 23
0 1 2
0 1 2
0 1 58
0 3 54 30 31
0 1 2
0 41 3
0 1 2
0 8 3 7
0 1 2
0 41 3
0 1 2
0 1 2
0 1 2
0 59 3 30
0 41 3
0 3 4 6
0 1 49
0 11 3
0 41 3
0 3 54 30 31
0 1 2
0 25 29
0 1 2
0 11 3
0 3 4
0 3 7 104 10 14 15 61
0 1 2 49
0 1 2
0 41 3
0 10 3 7
0 10 3 7
0 3 54 30 31
0 73 3
0 72 3 7
0 1 2
0 11 3
0 1 2
0 64 3
0 64 3
0 1 2
0 1 2
0 25 27 28
0 41 3
0 1 2
0 3
0 1 2
0 8 3 7
0 1 2
0 64 3
0 25 29
0 1 2
0 1 2
0 1 2
0 25 29
0 3 12 23
0 1 2
0 73 3
0 41 3
0 11 3
0 41 3
0 1 2
0 41 3
0 8 3 7
0 11 3
0 3 12 13
0 1 2
0 1 2
0 3 12 23
0 1 2
0 3 54 30 31
0 3 12 23
0 1 2
0 1 2
0 25 27 28
0 1 2
0 1 2
0 1 2
0 1 58
0 64 3
0 1 2 3 4 6
0 1 2 35 14
0 1 2
0 9 3 4
0 1 2
0 1 2
0 1 2
0 41 3
0 3 12 13
0 1 2
0 10 3 7
0 3 14 15 60 61
0 25 26
0 3 12 23
0 50 3
0 3 12 23
0 1 2 49
0 1 2
0 8 3 7
0 1 2
0 1 2
0 1 2
0 1 2
0 1 2
0 1 2
0 9 3 4
0 25 26
0 1 2
0 9 3 4
0 9 3 4
0 41 3
0 41 3
0 1 2 49
0 41 3
0 1 2
0 8 3 7
0 1 2
0 41 3
0 1 2
0 8 3 7
0 10 3 7
0 3 54 30 31
0 1 2
0 74 3
0 153 3 102 14
0 3 12 23
0 1 2
0 24 3
0 1 2
0 3
0 1 2
0 3 60
0 1 2 3
0 1 2 70
0 3 4 6
0 1 2 70
0 41 3
0 41 3
0 1 2
0 8 3 72 7
0 41 3
0 1 2
0 72 3 7
0 1 2
0 41 3
0 1 2
0 1 2
0 1 2 3 4 6
0 64 3
0 1 2
0 3 60
0 1 2 3 49
0 3 12 23
0 1 2
0 41 3
0 1 2
0 1 2 49
0 41 3
0 41 3
0 3 12 23
0 11 3
0 1 2
0 1 2
0 41 3
0 1 2
0 1 2 70
0 9 3 4
0 41 3
0 8 3 7
0 1 2
0 41 3
0 1 2
0 3 60
0 41 3
0 1 2
0 74 3
0 11 3
0 1 2
0 3 4 6
0 1 2
0 10 3 7
0 10 3 7
0 11 3
0 1 2 35 14
0 1 2
0 25 29
0 1 2
0 1 2
0 8 3 7
0 3 54 30 31
0 8 3 7
0 1 2
0 41 3
0 3 4 6
0 1 2
0 1 2
0 9 3 4
0 1 2 49
0 72 3 7
0 41 3
0 25 26
0 3 14 15 60 61
0 1 2
0 1 2
0 3 60
0 1 2
0 41 3
0 1 2
0 1 2
0 1 2
0 10 3 7
0 1 2
0 1 2
0 1 2
0 1 2
0 3 54 30 31
0 1 2
0 11 3
0 1 2
0 1 58
0 8 3 7
0 1 2
0 1 2
0 1 2
0 25 29
0 41 3
0 1 2
0 1 2
0 1 2
0 1 2
0 1 2
0 9 3 4
0 41 3
0 11 3
0 1 2
0 8 3 7
0 10 3 7
0 9 3 4
0 41 3
0 1 2
0 41 3
0 1 2
0 1 2
0 1 2
0 1 2
0 1 2
0 1 2
0 25 26
0 1 2
0 3 54 30 31
0 3 4 6
0 1 2 3
0 1 2
0 1 2
0 1 2
0 10 3 7
0 1 2
0 64 3
0 3 54 30 31
0 3 12 23
0 1 2
0 1 2
0 73 3
0 3 4 6
0 33 3 36 40 74 14 59 92 30
0 41 3
0 3 54 30 31
0 1 2
0 1 2
0 41 3
0 3 54 30 31
0 25 29
0 41 3
0 11 3
0 9 3 4
0 3 4 6
0 57 3 30
0 41 3
0 41 3
0 41 3
0 3 4 6
0 73 3
0 1 2
0 1 2
0 10 3 7
0 41 3
0 25 29
0 3 12 23
0 1 58
0 9 3 4
0 1 2
0 3 12 13
0 25 26
0 41 3
0 1 2
0 73 3
0 57 3 30
0 51 52 53 25 27 28
0 1 2
0 1 2
0 9 3 4
0 9 3 4
0 1 2 70
0 1 2
0 57 3 30
0 3 60
0 1 2
0 3 12 23
0 1 2
0 1 2
0 1 2
0 1 2
0 74 3
0 41 3
0 3 12 13
0 3 12 23
0 64 3
0 1 2
0 64 3
0 35 36 12 13 14 3
0 1 2
0 1 2
0 1 2
0 73 3
0 1 2
0 1 2 49
0 1 2
0 3 12 23
0 1 2 55
0 1 2
0 1 2
0 1 2
0 3 12 23
0 1 2
0 1 2
0 3 4 6
0 3 4 6 7 104 10 14 15 61
0 3 4 6 7 8 10
0 3 60
0 3 12 23
0 41 3
0 10 3 7
0 25 29
0 1 2
0 41 3
0 41 3
0 41 3
0 64 3
0 1 2
0 41 3
0 25 27 28
0 1 2
0 25 29
0 10 3 7
0 41 3
0 1 2
0 1 2
0 72 3 7
0 8 3 7
0 3 60
0 1 2 3 33 34 14
0 41 3
0 1 2
0 1 2
0 1 2 55
0 1 2
0 1 2
0 1 2
0 1 2
0 3 12 23
0 3
0 64 3
0 25 29
0 1 2
0 3 54 30 31
0 1 2
0 1 2
0 11 3
0 3 54 30 31
0 3 4 5 6
0 1 2
0 72 3 7
0 3 12 13
0 1 2
0 3 4 6
0 50 3
0 1 2
0 64 3
0 1 2 49
0 1 2 35 14
0 10 3 7
0 3 54 30 31
0 25 29
0 1 2
0 41 3
0 11 3
0 1 2
0 11 3
0 3 94
0 1 2
0 1 2
0 3 12 23
0 10 3 7
0 1 2
0 3 4 6 104 14 15 61
0 41 3
0 10 3 7
0 1 2
0 1 2
0 25 29
0 1 2
0 3 60
0 3 12 13 14 15 16 17
0 1 2
0 3 4 71 75 76 14 7
0 1 2
0 1 2 3 14 15
0 1 2
0 1 2
0 1 2
0 1 2
0 1 2
0 3 77 14 15 24
0 1 2
0 3 94
0 3 12 13
0 11 3
0 1 2
0 35 36 12 14 3 23
0 41 3
0 1 2 70
0 1 2
0 3 4 5 6
0 41 3
0 3 4 5
0 41 3
0 3 54 30 31
0 10 3 7
0 10 3 7
0 41 3
0 1 2
0 1 2
0 1 2
0 11 3
0 1 2
0 1 2
0 73 3
0 1 2
0 8 3 7
0 1 2
0 73 3
0 3 12 23
0 3
0 1 2
0 1 2
0 1 2
0 3 12 23
0 41 3
0 1 2
0 64 3
0 41 3
0 1 2
0 73 3
0 1 2
0 1 2 49
0 1 2
0 1 2
0 1 2
0 41 3
0 25 29
0 1 2
0 1 2
0 72 3 7
0 3
0 1 2
0 74 3
0 3 4 6
0 88 89 87
0 1 2
0 8 3 7
0 8 3 7
0 1 2
0 1 2
0 1 2
0 1 58
0 59 3 30
0 25 29
0 3 94
0 1 2
0 3 4 6
0 35 36 12 14 3 23
0 24 3
0 3 12 23
0 8 3 7
0 1 2
0 1 2
0 64 3
0 41 3
0 1 2
0 9 3 4
0 73 3
0 41 3
0 1 2
0 3 12 13
0 1 2
0 1 2
0 10 3 7
0 25 29
0 3 12 13
0 9 3 4
0 1 2
0 1 2 49
0 25 29
0 10 3 7
0 1 2
0 8 3 7
0 1 2
0 10 3 7
0 35 36 14 3 63
0 9 3 4
0 3 12 23
0 11 3
0 1 2
0 1 2
0 1 2
0 3 63
0 1 2
0 3 60
0 1 2
0 1 2
0 1 58
0 41 3
0 41 3
0 11 3
0 1 2
0 1 58
0 3 60
0 3 60
0 25 29
0 1 2
0 1 2
0 25 26
0 1 2
0 1 2
0 9 3 4
0 25 26
0 1 2
0 1 2
0 3 12 23
0 41 3
0 1 2
0 9 3 4
0 1 2
0 9 3 4
0 1 2
0 10 3 7
0 1 2 70
0 1 2 55
0 10 3 7
0 1 2
0 1 2
0 3 60
0 1 2 71 75 76 14
0 1 2
0 25 29
0 73 3
0 1 2 49
0 9 3 4
0 1 2
0 1 2
0 1 2 58
0 3 60
0 1 3 37 7 8 14 15 16 155 61 62
0 1 2
0 41 3
0 1 2
0 64 3
0 1 2
0 1 2
0 1 2
0 11 3
0 3 60
0 41 3
0 1 2 70
0 41 3
0 1 2
0 25 29
0 3 12 23
0 1 2
0 1 2
0 1 2
0 64 3
0 1 2
0 1 2
0 1 2
0 1 2
0 1 2 55
0 1 2 55
0 1 2
0 3 12 23
0 1 2
0 1 2
0 1 2 3 55
0 64 3
0 1 2
0 3 12 23
0 3 94
0 1 2
0 10 3 7
0 1 2
0 3 54 30 31
0 11 3
0 72 3 7
0 1 2 3 55
0 3 94
0 10 3 7
0 10 3 7
0 1 2
0 41 3
0 1 2
0 3 12 23
0 1 2
0 10 3 7
0 11 3
0 1 2
0 8 3 7
0 59 3 30
0 3 4 6
0 41 3
0 41 3
0 1 2
0 97 3 4 6 7 104 10 14 15 61
0 1 2
0 8 3 7
0 3 4 6 7 104 10 14 15 61
0 41 3
0 41 3
0 1 2
0 3 12 23
0 41 3
0 73 3
0 41 3
0 3 63
0 9 3 4
0 1 2
0 1 2
0 1 2
0 1 2
0 1 2
0 64 3
0 41 3
0 3 12 13
0 1 2
0 1 2
0 9 3 4
0 10 3 7
0 3
0 3 4 71 75 76 14
0 64 3
0 50 3
0 3 54 30 31
0 1 2
0 1 2
0 10 3 7
0 41 3
0 8 3 7
0 64 3
0 1 2
0 64 3
0 1 2
0 1 2
0 41 3
0 1 2
0 1 2
0 1 2 58
0 1 2
0 3 12 13
0 1 2
0 1 2
0 1 2
0 1 2
0 3 12 23
0 25 29
0 41 3
0 3 60
0 25 29
0 41 3
0 41 3
0 168 3 141 169
0 41 3
0 41 3
0 3 12 23
0 74 3
0 1 2
0 8 3 7
0 3 7 8 10 72
0 41 3
0 1 2 3
0 25 29
0 1 2
0 25 29
0 72 3 7
0 8 3 7
0 25 29
0 25 26
0 1 2 70
0 1 2 3 36 33 74 12 34 14 35 30
0 72 3 7
0 1 2
0 1 2 49
0 11 3
0 10 3 7
0 8 3 7
0 1 2
0 10 3 7
0 1 2
0 10 3 7
0 41 3
0 1 2
0 41 3
0 11 3
0 1 2
0 11 3
0 3 12 13
0 41 3
0 1 2
0 3 54 30 31
0 1 2
0 1 2
0 1 58
0 73 3
0 1 2 49
0 3 60
0 1 2
0 3 60
0 1 2
0 1 2
0 1 2 35 14
0 8 3 7
0 25 29
0 161 162 3 164 51 71 74 75 76 14 15 163 86 61
0 1 58
0 3 12 23
0 41 3
0 1 2
0 41 3
0 3 94
0 8 3 7
0 74 3
0 8 3 7
0 8 3 7
0 1 2
0 1 2 14 15
0 1 2
0 1 2 49
0 3 4 6
0 41 3
0 64 3
0 41 3
0 1 2
0 1 2
0 1 2
0 3
0 1 2
0 176 3 74 14 15 16
0 1 2
0 1 2
0 3 12 23
0 1 2
0 41 3
0 8 3 7
0 1 2
0 1 2
0 1 2
0 1 2
0 72 3 7
0 11 3
0 35 36 12 14 3 85 23
0 3 4 5
0 41 3
0 1 2
0 1 2
0 64 3
0 41 3
0 1 2
0 1 2
0 1 2
0 3 60
0 1 2
0 73 3
0 1 2
0 1 2
0 74 3
0 1 2
0 1 2
0 11 3
0 64 3
0 1 2
0 41 3
0 3
0 25
0 1 2
0 3 44 43 12 23
0 41 3
0 3 12 13
0 1 2
0 1 2
0 41 3
0 3 12 23
0 1 2
0 8 3 7
0 8 3 7
0 1 2
0 11 3
0 3 94
0 3 54 30 31
0 51 52 53 25 27 28
0 1 2
0 8 3 7
0 9 3 4
0 24 3
0 9 3 4
0 1 2
0 1 58
0 1 2 49
0 1 2 49
0 1 2
0 64 3
0 1 2
0 1 2
0 9 3 4
0 73 3
0 1 2
0 1 2
0 3 12 13
0 1 2 49
0 1 2
0 1 2
0 3 54 30 31
0 3 94
0 3 4 6
0 1 2
0 74 3
0 25 26
0 9 3 4
0 1 2
0 1 2
0 3 12 23
0 1 2
0 25 29
0 1 2
0 41 3
0 1 2
0 3 4 5 6
0 3 7 8 11 76 14 75 71
0 1 2
0 72 3 7
0 24 3
0 1 2
0 3 54 30 31
0 1 2 49
0 1 2
0 1 2
0 1 2
0 1 2 49
0 3 60
0 1 2
0 11 3
0 9 3 4
0 1 2
0 11 3
0 3 4
0 1 2
0 83 3 7 72 14 35 84
0 1 2
0 1 2
0 1 2
0 41 3
0 1 2
0 3 12 23
0 1 2
0 1 2
0 41 3
0 1 2
0 3 4 5
0 1 2
0 1 2
0 1 2
0 1 2
0 25 29
0 41 3
0 3 12 13
0 1 2
0 64 3 4 6 7 8 10
0 3 60
0 1 2
0 3 12 23
0 1 2
0 128 3 38 129 14 127
0 1 2
0 3 12 13
0 1 2
0 3 60
0 1 2
0 1 2 35 14
0 11 3
0 3 12 23
0 1 2
0 1 2
0 1 2
0 3 12 23
0 1 2
0 1 2
0 1 2
0 33 3 36 40 14 54 122 30 31
0 50 3
0 1 2
0 9 3 4
0 1 2
0 41 3
0 3 106 12 14 15 16 17 23
0 72 3 7
0 3 12 23
0 1 2 49
0 9 3 4
0 1 2
0 64 3
0 3 12 23
0 1 2
0 3 12 23
0 1 2
0 1 2
0 41 3
0 1 2
0 1 2
0 9 3 4
0 1 2
0 1 2 49
0 1 2
0 11 3
0 1 2
0 1 2
0 1 2 55
0 1 2
0 41 3
0 1 2 49
0 1 2
0 1 2
0 64 2 3 1
0 3 12 13
0 1 2
0 1 2
0
0 41 3
0 11 3
0 8 3 7
0 1 2
0 74 3
0 1 2 49
0 72 3 7
0 1 2
0 1 2
0 3 54 30 31
0 1 2
0 1 2 3 4 5
0 3 54 30 31
0 3 60
0 1 2 49
0 41 3
0 3 54 30 31
0 41 3
0 1 2
0 73 3
0 1 2
0 9 3 4
0 3 54 30 31
0 1 2
0 1 2
0 1 2
0 3 141
0 41 3
0 1 2
0 11 3
0 3 54 30 31
0 10 3 7
0 3 60
0 1 2
0 33 34 3 36 71 76 74 75 12 14 35 86 57 59 30
0 1 2
0 1 2 70
0 1 2
0 1 2
0 1 2
0 1 2
0 1 2
0 1 2
0 1 2
0 11 3
0 10 3 7
0 35 36 12 14 3 23
0 8 3 7
0 25 26
0 1 2
0 3 12 23
0 1 2
64 0 2 1 14 15 90 91
0
0 10 3 7
0 3 4 6
0 72 3 7
0 1 2 38 14 55
0 57 3 30
0 11 3
0 1 2
0 10 3 7
0 1 2
0 3 12 23
0 1 2
0 1 2
0 10 3 7
0 41 3
0 1 2
0 73 3
0 10 3 7
0 1 2
0 1 2
0 9 3 4
0 3 60
0 1 2
0 1 2
0 41 3
0 11 3
0 1 2
0 73 3
0 1 2
0 1 2
0 3 54 30 31
0 1 2
0 25 29
0 3 60
0 11 3
0 1 49
0 9 3 4
0 1 58
0 1 2
0 9 3 4
0 1 2 55
0 35 7 10 14 3 154
0 3 94
0 41 3
0 3 12 13
0 1 2
0 1 2
0 1 2
0 10 3 7
0 1 2
0 25 26
0 1 2
0 1 2
0 24 3
0 1 2
0 41 3
0 3 94
0 1 2
0 25 26
0 74 3
0 3 4 6
0 1 2 49
0 1 2
0 3 12 13
0 41 3
0 1 2
0 1 2
0 41 3
0 3 60
0 25 26
0 3 4 6
0 74 3
0 1 2
0 41 3
0 8 3 7
0 3 4 6
0 41 3
0 11 3
0 3 12 13
0 1 2
0 1 2
0 1 2
0 1 2
0 25 26
0 25 29
0 64 3
0 41 3
0 3 69 7 8 10 14 35
0 3 4 6
0 1 2 49
0 1 2
0 1 2
0 3 94
0 25 29
0 1 2
0 1 2
0 8 3 7
0 1 2 3 4 5
0 1 2
0 25 29
0 1 2
0 9 3 4
0 1 2
0 1 2
0 1 2
0 41 3
0 41 3
0 1 58
0 11 3
0 1 2
0 3 4 7 72 9 14 15 104 61
0 1 2
0 1 2
0 1 2
0 1 2 35 14
0 8 3 7
0 1 2
0 1 2
0 3 4 6
0 1 2
0 1 2
0 1 2
0 11 3
0 11 3
0 1 2
0 1 2
0 64 3
0 1 2
0 1 2
0 1 2 49
0 1 2
0 9 3 4
0 3 54 30 31
0 1 2
0 25 29
0 41 3
0 50 3
0 3 12 23
0 64 3
0 1 2
0 25 29
0 1 2
0 1 2
0 1 2
0 35 36 12 13 14 3
0 9 3 4
0 64 3 104 14 15 61
0 1 2
0 1 2 49
0 3 54 30 31
0 1 2
0 11 3
0 1 2
0 1 2
0 1 2
0 1 2
0 1 2
0 8 3 7
0 8 3 7
0 41 3
0 64 3
0 1 2
0 1 2
0 1 2
0 1 2
0 10 3 7
0 50 3
0 1 2
0 33 34 3 36 71 76 74 75 12 14 35 86 57 30
0 1 2
0 3 4 6
0 64 3
0 11 3
0 41 3
0 1 2
0 25 26
0 64 3
0 1 2
0 74 3
0 3 12 13
0 41 3
0 1 2
0 1 2
0 41 3
0 1 2
0 10 3 7
0 1 2
0 1 2
0 41 3
0 3 63
0 64 3
0 1 2
0 72 3 7
0 3 7 8 14 15 104 61
0 1 55
0 9 3 4
0 72 3 7
0 41 3
0 1 2
0 1 58
0 9 3 4
0 9 3 4
0 3 12 13
0 1 2
0 1 2 55
0 3 7 104 10 14 15 61
0 72 3 7
0 1 2
0 25 27 28
0 1 115 110 114 51 58
0 1 2
0 1 2
0 1 2
0 1 2
0 137 138 3
0 1 2
0 1 2
0 1 2
0 1 2 49
0 1 2
0 10 3 7
0 1 2
0 25 29
0 41 3
0 73 3
0 1 2
0 11 3
0 1 2
0 64 3
0 1 2 14 15 61 62
0 50 3
0 72 3 7
0 41 3
0 1 2
0 1 2 49
0 1 2
0 9 3 4
0 3 60
0 1 2
0 1 2
0 1 2
0 11 3
0 1 2
0 1 2
0 11 3
0 3 4
0 1 2
0 9 3 4
0 3 12 13
0 41 3
0 1 2
0 3 12 23
0 8 3 7
0 1 2 3 4 5
0 3
0 3 12 23
0 1 2
0 1 2
0 3 12
0 1 2
0 10 3 7
0 3 4 6
0 41 3
0 1 2
0 1 2
0 1 2
0 1 2
0 1 2
0 3 12 23
0 1 2
0 73 3
0 64 3 4 5
0 1 58
0 3 12 23
0 72 3 7
0 1 2
0 8 3 7
0 1 2
0 1 2
0 1 2
0 1 2
0 1 2
0 1 2
0 1 2
0 9 3 4
0 3 12 13
0 41 3
0 10 3 7
0 1 2
0 1 2 70
0 41 3
0 10 3 7
0 1 2
0 25 26
0 51 52 53 25 27 28
0 1 2 49
0 3 63
0 3 94
0 1 2
0 1 2
0 72 3 7
0 41 3
0 8 3 7
0 8 3 7
0 41 3
0 1 2
0 25 29
0 41 3
0 1 2
0 11 3
0 10 3 7
0 1 2
0 1 2
0 1 2
0 64 3
0 1 2
0 72 3 7
0 1 2
0 1 2
0 1 2
0 1 2
0 3
0 8 3 7
0 8 3 7
0 1 2
0 1 2
0 1 2
0 1 2
0 35 36 71 74 75 76 14 3 86
0 1 2
0 1 2
0 3 12 23
0 1 2
0 3 54 30 31
0 73 3
0 1 2
0 11 3
0 1 2
0 1 2
0 1 2
0 1 2 70
0 3 54 30 31
0 41 3
0 11 3
0 1 2
0 1 2
0 1 2
0 1 2
0 1 2
0 1 2
0 3 54 30 31
0 1 2
0 50 3
0 1 2
0 1 2
0 1 2
0 1 2
0 25 29
0 1 2 70
0 10 3 7
0 73 3
0 1 2
0 73 3
0 59 3 30
0 11 3
0 51 52 53 25 29
0 1 2
0 25 29
0 11 3 7
0 1 2
0 1 2
0 1 2
0 1 2
0 64 3
0 1 2 35 14
0 1 2
0 41 3
0 1 2 55
0 10 3 7
0 41 3
0 41 3
0 1 2
0 72 3 7
0 41 3
0 11 3
0 11 3
0 41 3
0 8 3 7
0 50 3
0 1 2
0 3 54 30 31
0 1 2
0 1 2 3 4
0 3 60
0 1 2
0 1 2
0 1 2 49
0 1 2
0 1 2
0 41 3
0 1 2
0 1 2
0 1 2
0 3 60
0 1 2
0 3 12 23
0 1 2
0 72 3 7
0 3 69 11 14 35
0 1 2
0 8 3 7
0 1 2
0 3 12 23
0 3 60
0 72 3 7
0 3 7 104 14 15 61
0 1 2
0 9 3 4
0
0 73 3
0 1 2 49
0 41 3
0 11 3
0 1 2
0 11 3
0 1 2 55
0 25 26
0 3 12 23
0 1 2
0 3
0 3 60
0 10 3 7
0 1 2
0 1 2 49
0 3 54 30 31
0 10 3 7
0 1 2
0 1 2
0 1 2
0 73 3
0 1 2
0 41 3
0 3 12 23
0 1 2
0 41 3
0 3 81 106 12 14 15 16 17 178 23
0 1 2
0 41 3
0 24 3
0 1 2
0 1 2
0 1 2
0 64 3
0 1 2
0 1 2
0 73 3
0 1 2
0 1 2
0 1 58
0 3 12 23
0 11 3
0 1 2
0 10 3 7
0 33 34 35 44 42 43 12 45 14 47 48 3 46
0 1 2
0 8 3 7
0 1 2
0 1 2
0 3 4 6
0 1 2
0 25 26
0 25 29
0 1 2
0 41 3
0 1 58
0 41 3
0 1 2
0 11 3
0 3 94
0 9 3 4
0 3 60
0 1 2
0 11 3
0 3 4 6
0 9 3 4
0 1 2
0 25 29
0 1 2
0 1 2
0 25 27 28
0 3 12 23
0 3 4 6 7
0 1 58
0 1 2 55
0 1 2
0 1 2
0 1 2
0 25 29
0 1 2
0 72 3 7
0 25 29
0 3 12 13
0 1 2
0 51 52 53 25 29
0 1 2 70
0 41 3
0 1 2
0 1 2 14 15 61 62
0 3 12 23
0 3 4 6
0 1 2
0 3 12
0 74 3
0 1 2 35 14 83 84
0 3 94
0 1 2
0 41 3
0 1 2
0 9 3 4
0 1 2
0 1 2
0 1 2
0 3 12 13
0 1 2 49
0 1 2
0 8 3 7
0 3 60
0 9 3 4
0 1 2 35 14
0 1 2
0 3 54 30 31
0 25 26
0 64 3
0 25 29
0 3 60
0 1 2
0 73 3
0 3 54 30 31
0 1 2
0 73 3
0 1 2
0 3 12 23
0 1 2
0 35 36 12 14 3 85
0 10 3 7
0 1 2
0 25 27 28
0 1 2
0 1 2
0 1 2
0 1 2
0 41 3
0 1 2 3
0 3 54 30 31
0 3 4 5
0 73 3
0 41 3
0 1 2
0 41 3
0 72 3 7
0 3 12 23
0 64 3
0 1 2
0 1 2
0 1 2
0 3 54 30 31
0 1 2
0 8 3 7
0 3 134 135 11 14 15
0 1 2
0 1 2
0 41 3
0 3 63
0 3 12 23
0 10 3 7
0 50 3
0 50 3
0 1 2
0 3 12 23
0 1 2
0 1 2
0 41 3
0 1 2
0 41 3
0 1 2
0 1 2 70 55
0 25 26
0 3 12 23
0 1 2
0 3 12 23
0 41 3
0 41 3
0 41 3
0 3 60
0 11 3
0 41 3
0 1 58
0 1 2
0 1 2
0 1 2
0 51 52 53 25 26
0 1 2
0 1 2
0 1 2
0 11 3
0 1 2
0 1 2
0 25 27 28
0 72 3 7
0 1 2
0 11 3
0 41 3
0 41 3
0 1 2
0 1 2
0 41 3
0 1 2
0 1 2
0 3 12 23
0 3
0 3 4 6 7 104 10 14 15 61
0 3 12 23
0 43 44 145 25 29
0 3 12 23
0 1 2
0 41 3 14 15
0 1 2
0 3 12 23
0 41 3
0 8 3 7
0 25 29
0 1 2
0 1 2 14 15 61 62
0 74 3
0 1 2
0 41 3
0 1 2
0 1 2 49
0 10 3 7
0 3 54 30 31
0 25 27 28
0 3 60
0 1 2
0 41 3
0 1 2
0 11 3
0 1 2
0 1 2 49
0 10 3 7
0 1 2
0 1 2
0 1 2
0 25 29
0 3 54 30 31
0 1 2
0 64 3
0 25 29
0 10 3 7
0 9 3 4
0 1 2
0 1 2
0 3
0 41 3
0 50 3
0 1 2
0 41 3
0 1 2
0 1 2
0 11 3
0 64 2 3 1 71 76 14 75
0 11 3
0 41 3
0 1 2 49
0 3 4 9 18 19 20 21 22
0 25 26
0 64 3 38 14
0 1 2
0 8 3 7
0 1 2
0 1 2
0 57 3 30
0 11 3
0 1 2
0 9 3 4
0 50 3
0 137 138 3
0 1 2
0 1 2
0 1 2 136 14 151
0 8 3 7
0 41 3
0 41 3
0 25 29
0 1 2
0 1 58
0 41 3
0 1 2
0 1 2
0 1 2 70
0 64 3
0 1 2
0 41 3
0 72 3 7
0 25 27 28
0 1 2
0 1 2
0 1 2
0 1 2
0 10 3 7
0 41 3
0 10 3 7
0 41 3
0 41 3
0 10 3 7
0 10 3 7
0 3 4 6
0 11 3
0 1 2
0 1 2
0 32 3 30 31
0 1 2
0 1 2
0 3 12 14 15 23 93
0 3 4 6
0 10 3 7
0 3 63
0 1 2
0 50 3
0 9 3 4
0 51 52 53 25 29
0 3 4
0 1 2
0 1 2
0 1 2
0 1 2
0 3 4 6
0 1 2
0 1 2
0 1 2
0 1 2 49
0 1 2
0 1 2
0 72 3 7
0 1 49
0 1 2
0 72 3 7
0 41 3
0 1 2
0 1 2
0 3 4 6 7 104 10 14 15 61
0 8 3 7
0 1 2
0 25 29
0 9 3 4
0 1 2
0 1 2 49
0 8 3 7
0 3
0 1 2
0 25 27 28
0 1 2
0 1 2
0 1 2
0 11 3
0 1 2
0 1 2
0 3 54 30 31
0 1 2
0 41 3
0 3 12 23
0 72 3 7
0 25 29
0 72 3 7
0 41 3
0 1 2
0 1 2
0 10 3 7
0 1 2
0 1 2
0 35 36 12 14 3 85
0 1 2
0 3 77 14 15 54 30 31
0 3 4 5
0 1 2
0 1 2
0 10 3 7
0 73 3
0 1 2
0 1 2
0 1 2
0 88 89 87
0 1 2
0 1 2
0 1 2 35 14
0 1 2
0 8 3 7
0 1 2 49
0 1 2
0 11 3
0 1 2 77 14 15
0 41 3
0 10 3 7
0 1 2
0 1 2
0 10 3 7
0 3 60
0 8 3 7
0 8 3 7
0 41 3
0 1 2
0 1 2
0 35 36 142 143 3 14
0 1 2 35 14
0 3 54 30 31
0 3 63
0 1 2
0 3 60
0 1 2
0 3 12 23
0 11 3
0 9 3 4
0 10 3 7
0 41 3
0 1 2
0 3 60
0 3 54 30 31
0 1 2
0 3 7
0 11 3
0 1 2
0 1 2
0 1 2
0 1 2
0 1 2
0 1 2
0 1 2
0 1 2
0 3 4 6
0
0 1 2
0 1 2
0 3 54 30 31
0 1 2
0 1 2
0 64 3
0 25 29
0 64 3
0 1 2
0 9 3 4
0 10 3 7
0 25 27 28
0 1 2
0 1 2
0 1 2
0 41 3
0 1 2
0 1 2
0 25 29
0 3 12 23
0 41 3
0 25 29
0 3 60
0 1 2
0 1 2
0 1 2
0 1 2
0 1 2 70
0 3 12 23
0 1 2
0 1 2
0 3 63
0 3 4 6 104 14 15 61
0 11 3
0 41 3
0 10 3 7
0 9 3 4
0 72 3 7
0 11 3
0 64 3
0 11 3
0 3 12 23
0 1 2
0 1 2
0 11 3
0 3 14 15 16 50
0 3 60
0 1 2
0 73 3
0 9 3 4
0 1 2
0 1 2
0 1 2
0 3 36 37 38 39 14 35 24
0 3 12 23
0 8 3 7
0 9 3 4
0 25 27 28
0 1 2 70
0 3 12 23
0 10 3 7
0 73 3
0 1 2 70
0 3 12 13
0 1 2
0 25 26
0 1 2
0 1 2
0 72 3 7
0 41 3
0 50 3
0 1 49
0 25 29
0 1 2
0 1 2
0 8 3 7
0 11 3
0 72 3 7
0 1 2
0 8 3 7
0 1 2
0 1 2
0 41 3
0 8 3 7
0 8 3 7
0 1 2
0 1 2
0 73 3
0 3 54 30 31
0 3 37 7 72 14 15 16 177
0 1 2 35 14
0 3
0 1 2
0 1 2 49
0 41 3
0 1 2 160 156 157 158 159
0 25 29
0 64 3
0 1 2
0 1 2
0 1 2
0 1 2
0 25 29
0 1 2
0 41 3
0 1 2
0 1 2
0 3 78 7
0 1 2
0 3 12 23
0 50 3
0 25 29
0 1 49
0 64 3
0 11 3
0 3 12 14 15 16 17 23
0 1 2
0 1 2
0 41 3
0 3 12 23
0 41 3
0 3 12 23
0 3 12 23
0 1 2 49
0 41 3
0 8 3 7
0 1 2
0 1 2 49
0 11 3
0 1 2
0 25 29
0 41 3
0 1 2
0 1 2
0 3 4 5
0 3 14 15 50 61
0 41 3
0 1 2
0 1 2 49
0 3 4 6
0 41 3
0 3 4 6
0 64 3
0 1 2
0 1 2
0 1 2
0 3 54 30 31
0 1 2
0 25
0 1 2
0 10 3 7
0 1 2
0 1 2
0 1 2
0 73 3
0 3 54 30 31
0 1 2
0 1 2
0 1 2
0 1 2 35 14
0 3 4 5
0 1 2
0 1 2
0 10 3 7
0 1 2
0 1 2
0 1 2
0 1 2
0 41 3
0 1 2
0 1 2
0 1 2
0 25 26
0 25 29
0 1 2
0 3 7 72 77 14 15
0 1 2
0 1 2
0 1 2
0 1 2 71 75 76 14
0 1 2
0 1 2
0 72 3 7
0 1 2
0 3 12 13
0 1 2
0 3 4
0 11 3
0 41 3
0 9 3 4
0 1 2 49
0 74 3
0 1 2
0 1 2
0 11 3
0 3 54 30 31
0 74 3
0 1 2
0 3 12 23
0 25 29
0 41 3
0 25 29
0 9 3 4
0 72 3 7
0 1 2
0 1 2
0 1 2
0 1 2
0 41 3
0 1 2
0 1 2
0 41 3
0 3 12 23
0 3 60
0 10 3 7
0 8 3 7
0 1 2 77 14 15
0 1 2
0 1 2 49
0 3 94
0 25 27 28
0 1 2
0 3 12 13
0 1 2
0 1 2
0 1 2
0 1 58
0 3 60
0 1 2
0 1 2
0 9 3 4
0 1 2
0 1 2
0 1 2
0 1 2
0 1 2 3 4 5
0 41 3
0 41 3 14 15
0 1 2
0 41 3
0 9 3 4
0 1 2
0 41 3
0 1 2
0 73 3
0 1 2 3 4 5
0 1 2
0 1 2
0 1 2
0 3 60
0 41 3 14 15
0 1 2
0 25 26
0 1 2
0 74 3
0 1 2
0 10 3 7
0 1 2
0 3 12 23
0 25 27 28
0 1 2
0 3 54 30 31
0 1 2
0 10 3 7
0 3 54 30 31
0 1 2
0 3 54 30 31
0 41 3
0 41 3
0 1 2
0 1 2
0 64 3
0
0 41 3
0 25 27 28
0 41 3
0 3 60
0 25 26
0 3 12 23
0 41 3
0 1 2
0 11 3
0 1 58
0 1 2
0 3 12 23
0 41 3
0 1 2
0 1 2
0 1 2
0 41 3
0 3 54 30 31
0 1 2 3 4 5
0 3 12 13
0 1 2
0 1 2
0 10 3 7
0 11 3
0 1 2
0 1 2
0 1 2
0 1 2
0 73 3
0 1 2
0 1 2
0 10 3 150 7
0 1 55
0 1 2 3 4
0 11 3
0 1 2
0 1 2
0 1 2
0 1 2
0 25 26
0 41 3
0 3
0 1 2
0 19 3 4 197 6 7 10 99 18 195 196 187 156
0 1 2
0 1 2
0 3 60
0 73 3
0 3 12 23
0 72 3 7
0 3 12 23
0 1 2
0 9 3 4
0 3 12 23
0 1 2
0 64 3
0 1 2
0 3 60
0 74 3
0 3 12 23
0 1 2
0 1 2
0 1 2
0 41 3
0 1 2
0 9 3 4
0 11 3
0 1 2
0 1 2
0 1 2
0 25 29
0 1 2
0 72 3 7
0
0 9 3 4
0 64 3
0 9 3 4
0 1 2
0 10 3 7
0 41 3 14 15
0 1 2
0 50 3
0 50 3
0 1 2
0 11 3
0 1 2
0 41 3
0 3 63
0 1 2
0 1 2
0 73 3
0 73 3
0 10 3 7
0 1 2
0 1 2
0 3 4 5 14 15
0 8 3 7
0 3 78 7
0 1 2
0 1 2 55
0 8 3 7
0 41 3
0 3 71 75 76 14 107 7
0 1 2
0 1 2
0 1 2 49
0 1 2
0 1 2
0 9 3 4
0 64 3
0 1 2
0 11 3
0 9 3 4
0 1 2
0 64 2 3 1
0 73 3
0 1 2
0 1 2
0 1 2
0 1 2
0 1 2
0 3 12 23
0 1 2
0 1 2
0 25 29
0 1 2
0 1 2
0 1 2
0 9 3 4
0 1 2
0 1 2
0 1 2
0 1 2
0 1 2
0 25
0 1 2
0 64 3
0 1 2
0 25 29
0 51 52 53 25 27 28
0 1 2
0 1 2
0 1 2
0 1 2
0 11 3
0 1 2 49
0 11 3
0 1 2
0 3 4 6 7 104 10 14 15 81 179 181 61
0 11 3
0 3 4 6
0 25 29
0 1 2
0 41 3
0 1 2
0 1 2
0 1 2
0 11 3
0 3 12
0 3 12 23
0 1 2
0 1 2
0 1 2
0 1 2 70
0 1 2 58
0 25 29
0 3 54 30 31
0 25 29
0 1 2
0 3 12 13
0 1 2
0 3 54 30 31
0 1 2
0 1 2
0 41 3
0 1 2
0 3 12 13
0 1 2
0 72 3 7
0 8 3 7
0 25 26
0 1 2
0
0 1 58
0 10 3 7
0 3 54 30 31
0 64 3
0 9 3 4
0 1 2
0 41 3
0 1 2
0 3 4 5
0 10 3 7
0 3 60
0 1 2
0 3
0 1 2
0 11 3
0 11 3
0 10 3 7
0 1 2
0 25 26
0 11 3
0 3 12 13
0 1 2
0 3 4 6 7 104 10 14 15 61
0 8 3 7
0 64 3
0 1 2
0 41 3
0 73 3
0 1 2
0 1 58
0 1 2
0 3 12 23
0 1 2
0 11 3
0 1 2
0 25 29
0 1 2 55
0 9 3 4
0 1 2 55
0 1 2
0 41 3
0 1 2
0 3 54 30 31
0 1 2
0 41 3
0 1 2
0 1 2
0 33 34 3 44 43 12 13 14
0 1 2
0 1 2
0 1 2
0 1 2
0 1 2
0 50 3
0 1 2
0 1 2
0 1 2
0 64 3
0 1 2
0 1 2
0 64 3
0 8 3 7
0 1 2
0 1 2
0 11 3
0 74 3
0 3 71 74 75 76 14 86
0 11 3
0 1 2
0 1 2
0 64 3
0 1 2
0 1 2
0 3 54 30 31
0 1 2
0 1 2 3 4 6
0 1 2
0 41 2 3 1
0 1 2
0 1 2
0 25 29
0 72 3 7
0 3 54 30 31
0 1 2
0 41 3
0 3 54 30 31
0 11 3
0 73 3
0 1 2
0 11 3
0 1 2
0 1 2
0 64 3
0 25 29
0 41 3
0 1 2 77 14 15
0 1 2
0 10 3 7
0 1 2
0 1 2
0 1 2
0 1 2
0 3 60
0 3 4 6
0 1 2
0 64 3
0 3 12 23
0 25 26
0 1 2
0 1 2
0 3 60
0 1 2
0 1 2
0 1 2
0 1 2
0 1 2
0 64 3
0 3 54 30 31
0 1 2
0 3 4 38 14 179 180 54 30 31
0 41 3
0 8 3 7
0 1 2
0 8 3 7
0 3 60
0 1 2
0 64 3
0 25 29
0 73 3
0 25 29
0 1 2
0 25 27 28
0 10 3 7
0 1 2
0 3 60
0 1 2
0 25 29
0 1 2
0 25 27 28
0 1 58
0 1 2
0 1 2
0 3 12 23
0 11 3
0 1 2
0 1 2
0 3 4 6
0 1 2
0 3 12 13
0 1 2 36 33 40 14
0 11 3
0 25 29
0 1 2
0 41 3
0 73 3
0 3 60
0 1 2 14 15
0 1 2
0 1 2
0 3 12 23
0 3 54 30 31
0 72 3 7
0 9 3 4
0 25 29
0 1 2
0 1 2
0 1 2 55
0 1 2
0 1 2
0 73 3
0 3 60
0 72 3 7
0 1 2
0 8 3 7
0 1 2
0 1 2
0 1 2
0 3 12 13
0 1 2
0 41 3
0 1 2 35 14
0 3 60
0 1 2
0 1 2
0 11 3
0 9 3 4
0 1 2
0 1 2
0 1 2
0 3 7 72 10 150
0 1 2
0 1 2
0 11 3
0 41 3
0 8 3 7
0 1 2
0 64 3
0 3 94
0 1 2
0 41 3
0 1 2
0 10 3 7
0 3 12 23
0 1 2
0 1 2
0 3 4 6
0 1 2
0 1 2
0 1 2
0 3 71 74 75 76 14 86
0 8 3 7
0 1 2
0 1 2
0 8 3 7
0 1 2
0 1 2
0 1 2
0 64 3
0 11 3
0 1 2
0 1 2
0 3 4 6 7 104 10 14 15 174 156 61
0 1 2
0 1 2
0 1 2
0 9 3 4
0 64 3
0 1 2
0 1 2
0 1 58
0 1 2
0 1 2
0 1 2
0 1 2
0 1 2
0 41 3
0 1 2
0 1 2
0 9 3 4
0 1 2
0 25 27 28
0 1 2
0 3 4 6
0 1 2
0 176 3 74 14 15 16
0 1 2
0 1 2
0 1 2 49
0 3 12 13
0 64 3
0 1 2
0 1 2
0 3 63
0 8 3 7
0 1 2
0 9 3 4
0 3 77 14 15 24
0 1 2
0 1 2
0 3 41 77 14 15
0 3 71 76 74 75 12 14 86 23
0 35 36 12 14 3 85 23
0 1 2
0 25 26
0 1 2
0 1 2 49
0 3 12 23
0 8 3 7
0 25 27 28
0 1 2
0 41 3
0 1 2
0 59 3 30
0 1 2
0 72 3 7
0 25 29
0 25 3 29
0 3 60
0 1 2
0 10 3 7
0 11 3
0 1 2
0 1 2
0 1 2
0 1 2
0 1 2
0 3
0 11 3
0 3 54 30 31
0 1 2
0 1 2
0 3 12 23
0 64 3
0 1 2
0 50 3
0 1 2
0 1 2
0 1 2
0 3 54 30 31
0 8 3 7
0 1 2
0 8 3 7
0 64 3
0 9 3 4
0 1 2
0 1 2
0 1 2
0 1 2
0 1 2
0 1 2
0 1 2
0 1 2
0 11 3
0 10 3 7
0 25 26
0 1 2
0 1 2
0 3 12 13
0 3 4 6
0 1 2
0 3 12 23
0 64 3
0 1 2
0 59 3 30
0 1 2
0 72 3 7
0 1 2
0 41 3
0 41 3
0 1 2
0 3 12 23
0 10 3 7
0 1 2
0 1 2
0 3 4 6
0 64 3
0 73 3
0 1 2
0 41 3
0 11 3
0 1 2
0 41 3
0 72 3 7
0 1 2
0 1 2
0 1 2
0 1 2
0 64 3 70 1
0 50 3
0 8 3 7
0 1 2
0 8 3 7
0 1 2 49
0 41 3
0 1 2
0 1 2
0 73 3
0 1 2 55
0 10 3 7
0 1 2
0 72 3 7
0 1 2
0 64 3
0 1 2
0 1 2
0 1 2
0 64 3
0 8 3 7
0 1 2
0 25 29
0 1 2
0 41 3
0 1 2
0 41 3
0 1 2
0 1 2
0 72 3 7
0 3
0 3 12 23
0 1 2
0 8 3 7
0 8 3 7
0 3 54 30 31
0 1 2 35 14 83 84
0 11 3
0 41 3
0 73 3
0 1 2
0 1 2
0 3 4 6
0 1 2
0 1 2
0 41 3
0 41 3
0 11 3
0 41 3
0 1 2
0 41 3
0 3 60
0 3 60
0 1 2
0 1 2
0 41 3
0 41 3
0 1 2
0 1 2 35 14
0 1 2
0 1 2
0 3 54 30 31
0 1 2
0 41 3
0 1 2
0 3 12 23
0 1 2
0 1 2
0 1 2
0 3 12 13
0 10 3 7
0 1 2
0 1 2
0 1 2
0 3 12 13
0 41 3
0 1 2
0 3 54 30 31
0 9 3 4
0 1 2
0 11 3
0 1 2
0 25 26
0 3 60
0 9 3 4
0 1 2
0 1 2
0 25 29
0 1 2
0 1 2
0 1 2
0 1 2
0 1 2
0 3 4 6 104 14 15 61
0 1 2
0 1 2
0 1 2
0 8 3 7
0 1 2
0 1 2
0 1 2
0 3 54 30 31
0 73 3
0 1 2
0 1 2
0 1 2
0 73 3
0 1 2
0 25 29
0 1 2
0 3 54 30 31
0 41 3
0 65 66 3 152 60
0 41 3
0 11 3
0 1 2
0 3 60
0 41 3
0 64 10 3 7
0 1 2
0 1 2
0 8 3 7
0 8 3 7
0 73 3
0 1 2
0 9 3 4
0 50 3
0 10 3 7
0 41 3
0 25 29
0 1 2
0 10 3 7
0 1 2
0 1 2
0 1 2
0 41 3
0 1 2
0 1 2
0 1 2
0 1 2
0 1 2
0 3 81 106 12 14 15 16 17 178 23
0 10 3 7
0 1 2
0 1 2
0 3 12 23
0 8 3 7
0 8 3 7
0 1 2
0 72 3 7
0 1 2
0 41 3
0 1 2
0 41 3
0 25 29
0 3 4
0 25 29
0 25 26
0 59 3 30
0 1 2 49
0 1 2
0 1 2
0 11 3
0 1 2
0 1 2
0 1 2
0
0 1 2
0 74 3
0 1 2
0 3 12 23
0 1 2
0 1 2
0 1 2
0 10 3 7
0 1 2
0 1 2
0 1 2
0 10 3 7
0 1 2
0 1 2
0 1 2
0 11 3
0 1 2
0 1 2 49
0 3 54 30 31
0 41 3
0 64 3
0 3 7 104 10 14 15 61
0 1 2
0 1 2
0 1 2
0 73 3
0 41 3
0 41 3
0 64 3 104 14 15 61
0 1 2
0 1 2
0 3 60
0 59 3 30
0 59 3 30
0 1 2 55
0 11 3
0 11 3
0 1 2
0 3
0 1 2 14 15
0 8 3 7
0 1 2
0 50 3
0 3 12 13
0 1 2
0 25 26
0 3 54 30 31
0 1 2
0 64 3
0 1 2
0 1 58
0 25 26
0 1 2
0 1 2 3 4 5
0 8 3 7
0 1 2
0 1 2 35 14
0 8 3 7
0 3 54 30 31
0 8 3 7
0 9 3 4
0 64 3
0 8 3 7
0 1 2 14 15
0 1 49
0 8 3 7
0 1 2
0 1 2
0 1 2
0 11 3
0 1 2
0 1 2
0 3 4 6
0 1 2
0 1 2 49
0 64 3
0 1 2
0 11 3
0 1 2
0 3 4 6
0 1 2
0 41 3
0 1 2
0 1 58
0 10 3 7
0 74 3
0 1 2
0 1 2
0 1 2
0 1 2
0 3 12 23
0 11 3
0 1 2
0 1 2
0 1 2 70
0 3 4 6
0 1 2
0 1 2 3
0 1 2
0 1 2
0 3 12 23
0 9 3 4
0 3 60
0 1 2
0 10 3 7
0 1 2
0 1 2
0 51 52 53 25 29
0 3 60
0 73 3
0 73 3
0 1 70
0 8 3 7
0 1 2
0 3 7 104 10 14 15 61
0 1 2
0 41 3
0 3 4 6
0 25 29
0 1 2
0 1 2
0 3 12 23
0 59 3 30
0 1 2
0 1 2
0 3 4 6
0 1 58
0 1 2
0 1 2
0 1 2
0 1 2 49
0 1 2
0 1 2
0 1 58
0 1 2
0 72 3 7
0 41 3
0 1 2
0 41 3
0 1 2
0 1 2
0 41 3
0 3 12 23
0 1 2
0 41 3
0 1 2
0 1 2
0 3 4 6
0 1 2
0 10 3 4 7
0 1 2
0 1 2
0 9 3 4
0 1 2
0 8 3 7
0 11 3
0 3 54 30 31
0 1 2
0 9 3 4 73
0 1 2
0 9 3 4
0 3 7 104 10 14 15 61
0 32 3 30 31
0 1 2
0 11 3
0 24 3
0 3 4 6
0 1 2 146
0 73 3
0 10 3 7
0 64 3
0 3
0 1 2
0 3 4 5
0 10 3 7
0 41 3
0 1 2
0 1 2
0 25 26
0 3 4 6
0 9 3 4
0 1 2
0 9 3 4
0 1 2
0 3 12 23
0 1 2
0 3 4 5
0 9 3 4
0 3 94
0 11 3
0 10 3 7
0 1 2
0 3 12 23
0 3 4 6 7
0 1 2
0 9 3 4
0 1 2
0 1 2
0 1 2 49
0 3 4
0 1 2
0 1 2
0 1 2
0 41 3
0 9 3 4
0 41 3
0 41 3
0 1 2
0 3
0 3 12 23
0 1 2
0 41 3
0 3 12 23
0 3 12 23
0 1 2
0 1 2
0 50 3
0 11 3
0 1 2
0 1 2
0 9 3 4
0 1 2 49
0 1 2
0 1 2
0 3 12 23
0 1 2
0 41 3
0 3 12 23
0 9 3 4
0 1 2 35 14
0 41 3
0 59 3 30
0 1 2
0 1 2
0 1 2
0 10 3 7
0 73 3
0 1 2
0 9 3 4
0 72 3 7
0 1 2
0 1 2
0 3 54 30 31
0 1 2
0 8 3 11 7
0 3 94
0 72 3 7
0 41 3
0 3 4
0 25 29
0 41 3
0 1 2
0 35 36 12 14 3 23
0 25 29
0 41 3
0 25 27 28
0 1 2
0 1 55
0 3 4 6
0 1 2
0 1 2
0 10 3 7
0 3 12 23
0 1 2
0 1 2
0 1 2
0 1 2
0 1 2
0 1 2
0 1 2
0 1 2
0 41 3
0 1 2
0 41 3
0 25 29
0 9 3 4
0 8 3 7
0 1 2
0 8 3 7
0 1 2
0 1 2
0 1 2
0 25 27 28
0 1 2
0 1 2
0 1 2
0 1 2
0 1 2
0 1 2
0 1 2
0 1 2
0 25 29
0 1 2
0 1 2
0 25 29
0 1 2
0 1 2 70
0 1 2
0 1 2
0 41 3
0 1 2
0 1 2
0 25 29
0 74 3
0 3 12 23
0 1 58
0 9 3 4
0 1 2
0 1 2
0 1 2 49
0 9 3 4
0 64 3
0 64 3
0 1 2
0 41 3
0 41 3
0 1 2
0 176 3 14 15 16
0 1 2
0 9 3 4
0 64 3
0 1 2
0 1 2
0 41 3
0 3 4 5
0 3 12 23
0 1 2
0 1 2
0 1 2
0 1 2
0 1 2
0 25 29
0 41 3
0 1 2
0 3 60
0 11 3
0 1 2
0 1 2
0 1 2 49
0 9 3 4
0 1 2
0 1 2
0 10 3 7
0 41 3
0 8 3 7
0 74 3
0 8 3 7
0 3 94
0 1 2
0 3 7 72 77 14 15
0 3 4 6 104 14 15 61
0 3 54 30 31
0 9 3 4
0 1 2
0 41 3
0 1 2
0 41 3
0 25 29
0 25 26
0 1 2
0 25 26
0 9 3 4
0 41 3
0 3 12 23
0 10 3 7
0 1 2
0 25 29
0 1 2
0 41 3
0 1 2
0 3 12 23
0 9 3 4
0 25 27 28
0 1 2
0 10 3 7
0 1 2
0 8 3 7
0 1 2
0 1 2
0 41 3
0 1 2
0 1 2 49
0 1 2 49
0 1 2
0 3 4 6
0 9 3 4
0 74 3
0 1 2
0 1 2
0 1 2
0 3 12 23
0 1 2
0 1 2
0 64 3
0 1 2
0 1 2
0 3 60
0 74 3
0 11 3
0 8 3 7
0 1 2
0 1 2
0 1 2
0 3 12 23
0 1 2
0 9 3 4
0 41 3 14 15
0 1 2
0 3 7 10 77 14 15
0 1 2 49
0 1 2
0 1 2
0 1 2
0 9 3 4
0 64 3
0 41 3
0 10 3 7
0 8 3 7
0 3 4
0 1 2
0 41 3
0 1 2
0 3 4 6
0 3 60
0 1 2
0 1 2
0 1 2
0 3 12 23
0 1 2
0 1 2
0 1 2 70
0 1 2
0 41 3
0 10 3 7
0 1 2
0 10 3 7
0 1 2
0 1 58
0 1 2
0 25 26
0 9 3 4
0 1 2
0 1 2
0 11 3
0 1 2
0 1 2
0 8 3 7
0 1 2
0 3 54 30 31
0 3
0 41 3
0 1 2
0 11 3
0 64 3
0 72 3 7
0 10 3 7
0 3 54 30 31
0 1 2
0 1 2
0 1 2
0 41 3
0 3 4
0 3 94
0 1 2
0 3 12 13
0 41 3
0 64 3
0 1 2
0 10 3 7
0 1 2
0 1 2
0 1 2 49
0 8 3 7
0 25 29
0 1 2 146
0 1 2
0 1 2
0 9 3 4
0 3 54 30 31
0 1 2
0 73 3
0 64 3
0 10 3 7
0 1 2
0 11 3
0 41 3
0 8 3 7
0 73 3
0 1 2
0 1 2
0 41 3
0 64 3
0 8 3 7
0 1 2
0 1 2
0 3 12 13
0 1 2
0 3 12 23
0 1 2
0 1 2
0 1 2 58
0 1 2
0 25 29
0 41 3
0 1 2 58
0 1 2
0 8 3 7
0 1 2
0 1 2 49
0 1 2 49
0 1 2
0 3 12 13
0 9 3 4
0 41 3
0 1 2
0 25 29
0 25 27 28
0 3 54 30 31
0 1 2 3
0 1 2 77 14 15
0 1 2
0 1 58
0 1 2
0 72 3 7
0 10 3 7
0 41 3
0 10 3 7
0 1 2
0 10 3 7
0 1 2
0 1 2
0 3 54 30 31
0 9 3 4
0 11 3
0 3 60
0 1 2
0 10 3 7
0 1 2
0 1 2
0 1 2
0 3 12 23
0 1 2
0 41 3
0 72 3 7
0 1 58
0 1 2
0 3 137 138 54 30 31
0 3 14 15 60 61 62
0 1 2
0 10 3 7
0 11 3
0 41 3
0 1 2
0 1 2
0 1 2
0 1 2
0 1 2 49
0 1 2
0 41 3
0 1 2
0 3 77 14 15 54 30 31
0 41 3
0 3 12 13
0 1 2
0 41 3
0 3 4 7 10 71 14
0 1 2
0 1 2
0 1 2
0 64 3
0 64 3
0 9 3 4
0 1 2
0 1 2
0 41 3
0 64 3
0 1 2
0 1 2
0 9 3 4
0 73 3
0 3 12 23
0 25 29
0 1 2
0 3 12 14 15 23
0 1 2
0 8 3 7
0 3 14 35 126 54 125 30 31
0 8 3 7
0 1 2
0 3 12 23
0 3 7 8 54 30 31
0 1 2
0 3 71 104 11 76 14 15 75 61
0 1 2
0 3 54 30 31
0 41 3
0 1 2
0 1 2
0 11 3
0 9 3 4
0 130 3 102 103 14 30 31
0 1 2
0 1 2
0 1 2
0 1 2
0 1 2
0 1 2
0 3 4 6
0 11 3
0 1 2
0 1 2
0 1 2 49
0 1 2
0 25 29
0 11 3
0 10 3 7
0 1 2
0 25 27 28
0 1 2
0
0 1 2
0 1 2
0 25 27 28
0 1 2
0 1 2
0 25 29
0 1 2
0 1 2
0 1 2
0 8 3 7
0 1 2 35 14
0 10 3 7
0 10 3 7
0 3 12 23
0 1 2
0 1 2
0 1 2
0 41 3
0 1 2
0 1 2 49
0 83 3 4 6 7 14 35 84
0 3 4 6
0 1 2
0 1 2
0 1 2
0 1 2
0 1 2
0 3 77 168 169 141 14 15
0 1 2 14 15 90 91
0 3 54 30 31
0 1 2 3 12
0 1 2
0 1 2
0 1 2 49
0 41 3
0 41 3
0 3 12 23
0 1 2
0 41 3
0 3 12 23
0 1 2
0 3
0 1 2
0 11 3
0 137 138 3
0 10 3 7
0 1 58
0 1 2
0 25 29
0 3 54 30 31
0 1 2
0 1 2 35 14
0 3 4
0 8 3 7
0 3 54 30 31
0 73 3
0 1 2
0 64 3
0 1 2 49
0 41 3
0 3 60
0 1 2
0 1 2
0 1 2
0 51 52 53 25 27 28
0 41 3
0 9 3 4
0 1 2
0 1 2
0 41 3
0 1 2
0 41 3
0 25 29
0 1 2
0 8 3 7
0 41 3
0 41 3
0 1 2
0 10 3 7
0 11 3
0 3 12 23
0 11 3
0 3 60
0 1 2
0 8 3 7
0 41 3
0 1 2
0 1 2
0 9 3 4
0 10 3 7
0 25 29
0 1 2
0 1 2
0 1 2
0 64 3
0 10 3 7
0 1 2
0 3 4
0 8 3 7
0 1 2 70
0 41 3
0 1 2
0 1 2 14 15 61 62
0 3 11 14 15 61
0 3 94
0 41 3
0 99 100 101 7 78 3
0 3 71 74 75 76 14 86
0 3 12 13
0 1 2
0 3 12 23
0 1 2
0 1 2
0 41 3
0 1 2
0 9 3 4
0 1 2
0 25 29
0 1 2
0 1 2
0 1 2
0 1 2
0 1 2
0 41 3
0 1 2
0 1 58
0 73 3
0 72 3 7
0 1 2
0 8 3 7
0 1 2
0 3
0 41 3
0 8 3 7
0 10 3 7
0 3 4 5 77 14 15
0 1 2
0 1 2 49
0 1 2
0 1 2
0 41 3
0 1 2
0 1 2
0 1 2
0 1 2
0 1 2
0 41 3
0 1 2
0 3 4 6
0 8 3 7
0 1 2
0 1 2
0 1 2
0 1 2
0 3 12 23
0 1 2
0 41 3
0 1 2
0 9 3 4
0 10 3 7
0 1 2
0 1 2
0 1 2
0 41 3
0 3 54 30 31
0 1 2
0 41 3
0 1 2
0 11 3
0 64 3
0 9 3 4
0 3 4 6
0 25 29
0 1 2 49
0 1 2
0 72 3 7
0 64 3
0 1 2
0 8 3 7
0 64 3
0 1 2
0 1 2
0 1 2 3
0 25 29
0 25 29
0 9 3 4
0 72 3 7
0 11 3
0 1 2
0 25 26
0 1 2
0 41 3
0 8 3 7
0 10 3 7
0 1 2
0 25 26
0 3 54 30 31
0 3 4
0 1 2
0 1 2
0 25 29
0 3 12 13
0 1 2 49
0 25 29
0 1 2
0 1 2
0 8 3 7
0 1 2
0 25 29
0 3 63
0 1 2
0 1 2
0 1 2
0 1 2
0 3 12 23
0 41 3
0 8 3 7
0 64 3
0 1 2 55
0 1 2
0 1 2
0 25 3 28 27
0 41 3
0 3 12 23
0 1 2
0 57 3 30
0 1 2
0 73 3
0 1 2
0 1 49
0 1 2
0 3 12 23
0 3 106 12 14 15 16 17 23
0 1 2
0 1 2
0 10 3 7
0 1 2
0 9 3 4
0 8 3 7
0 41 3 14 15
0 1 2
0 1 2
0 25 29
0 3 54 30 31
0 1 2
0 64 3
0 8 3 7
0 41 3
0 10 3 7
0 1 2
0 3 54 30 31
0 9 3 4
0 1 2
0 1 49
0 73 3
0 1 49
0 10 3 7
0 3 12 23
0 8 3 7
0 1 2
0 1 2
0 59 3 30
0 1 2
0 1 2
0 1
0 41 3
0 1 2 49
0 1 2
0 11 3
0 1 2
0 1 2
0 11 3
0 1 2
0 1 2
0 1 2
0 3 12 13
0 72 3 7
0 41 3
0 25 27 28
0 73 3
0 1 2
0 1 2
0 8 3 7
0 41 3
0 1 2 55
0 1 2
0 3 12 23
0 64 3
0 1 2
0 25 29
0 41 3
0 1 2
0 1 2 3
0 59 3 30
0 1 2
0 11 3
0 1 2
0 41 3
0 1 2
0 41 3
0 41 3
0 1 2
0 3 60
0 1 2
0 3 12 13
0 65 66 3 7 8 14 15 104 67 117 118 119 120 121 61
0 1 2 35 14
0 3 12 23
0 8 3 7
0 1 2
0 96 3 37 11 14 15 16
0 1 2
0 1 58
0 1 2
0 41 3
0 3 54 30 31
0 1 2
0 1 2
0 1 2
0 73 3
0 1 2
0 1 2
0 10 3 7
0 1 2 49
0 1 2 14 15
0 11 3
0 41 3
0 3 54 30 31
0 1 2
0 1 2
0 1 2
0 25 26
0 1 2
0 1 2
0 3
0 25 29
0 3 54 30 31
0 1 2
0 11 3
0 41 3
0 1 2
0 1 2
0 41 3
0 1 2
0 10 3 7
0 1 2
0 25 29
0 50 3
0 1 2
0 1 2
0 64 3
0 10 3 7
0 1 2
0 1 2
0 3 12 23
0 1 2
0 1 2
0 1 2
0 1 2 35 14
0 41 3
0 72 10 3 7
0 1 2
0 1 2
0 41 3
0 35 36 12 14 3 85 23
0 3 12 23
0 41 3
0 1 2 49
0 41 3
0 1 2
0 9 3 4
0 1 58
0 3 12 23
0 1 2
0 25 26
0 1 58
0 35 36 12 14 3 85 23
0 1 2 49
0 3
0 25 29
0 1 2
0 1 2
0 24 3
0 11 3
0 1 2
0 1 2 14 15 61 62
0 72 3 7
0 1 2
0 1 2
0 3 12 23
0 41 3
0 1 2
0 1 2
0 1 2
0 1 2
0 8 3 7
0 1 2
0 3 12 23
0 3 12 23
0 73 3
0 25 29
0 3 54 30 31
0 1 2
0 64 3
0 33 194 3 36 161 40 74 14 193 92
0 3 94
0 1 58
0 1 2 35 14
0 1 49
0 1 2 49
0 3 60
0 1 2
0 10 3 150 7
0 41 3
0 72 3 7
0 1 2
0 1 2
0 1 2
0 1 2
0 1 2
0 41 3
0 1 2
0 8 3 7
0 1 2
0 1 2
0 1 2
0 41 3
0 65 66 3 118 7 8 119 67 117 182 183 120
0 41 3
0 73 3
0 25 29
0 51 52 53 25 27 28
0 1 2
0 1 2
0 1 2
0 1 2
0 1 2
0 25 26
0 1 2
0 3
0 41 3
0 41 3
0 25 29
0 1 2 70
0 41 3
0 10 3 7
0 3 12 13
0 25 29
0 3 54 30 31
0 1 2
0 50 3
0 25 26
0 1 70
0 73 3
0 1 2
0 3 94
0 10 3 7
0 64 3
0 1 2
0 1 2 35 14
0 1 2
0 1 2 70
0 3 12 23
0 50 3
0 3 12 23
0 1 2
0 1 2
0 1 2
0 1 2
0 3 7
0 1 2
0 1 2 35 14
0 41 3
0 11 3
0 3 54 30 31
0 11 3
0 41 3
0 57 3 30 59
0 3 54 30 31
0 1 2
0 41 3
0 1 2 49
0 1 2
0 1 2
0 8 3 7
0 1 2
0 3 54 30 31
0 1 2
0 1 2
0 9 3 4
0 41 3
0 73 3
0 72 3 7
0 41 3
0 1 2
0 41 3
0 1 2
0 3 94
0 1 2
0 1 2
0 1 2
0 3 12 23
0 1 2
0 1 58
0 1 2
0 51 52 53 25 27 28
0 1 2
0 1 2
0 3 54 30 31
0 1 2 35 14
0 25 29
0 9 3 4
0 1 2
0 41 3
0 3 12 23
0 11 3
0 1 2 55
0 3 60
0 25 26
0 1 2 3
0 10 3 7
0 11 3
0 1 2 49
0 1 2
0 1 2
0 41 3
0 73 3
0 1 2 70
0 1 2
0 8 3 7
0 1 49
0 41 3
0 64 3
0 1 2
0 1 2
0 1 2
0 41 3
0 1 2
0 3 60
0 1 2
0 25 27 28
0 9 3 4
0 1 2
0 3 12 23
0 1 2
0 41 3
0 9 3 4
0 1 2
0 9 3 4
0 3 4 6 104 14 15 61
0 1 2
0 1 2
0 41 3
0 10 3 7
0 10 3 7
0 1 2
0 1 58
0 3 12 23
0 3 4
0 11 3
0 1 2 49
0 1 2
0 1 2
0 3 60
0 1 2
0 1 2
0 1 2
0 3 7
0 8 3 7
0 1 2
0 3 4 6
0 50 3
0 73 3
0 25
0 1 2
0 8 3 7
0 3 4 6
0 3 12 13
0 41 3
0 11 3
0 10 3 7
0 41 3
0
0 10 3 7
0 1 2
0 57 3 30
0 3 12 13
0 3 4 6 104 14 15 61
0 1 2
0 3 12 23
0 1 2
0 41 3
0 1 2
0 1 2
0 11 3
0 1 2
0 1 2
0 1 2
0 25 26
0 3 78 7
0 3 94
0 1 2
0 50 3
0 1 2 55
0 41 3
0 3 60
0 1 2
0 3 12 23
0 1 2
0 1 2 58
0 1 2
0 1 2
0 1 2
0 3 4 6
0 72 3 7
0 25 26
0 3 4 6 71 75 76 14
0 11 3
0 1 2
0 1 2
0 11 3
0 1 2 49
0 1 2 14 15 184 61
0 25 27 28
0 11 3
0 41 3
0 1 2
0 1 2
0 1 2
0 1 2
0 73 3
0 1 2
0 3 77 12 13 14 15
0 1 2
0 1 2 35 14
0 3 54 30 31
0 1 2
0 3 12
0 3 12 23
0 11 3
0 73 3
0 3 12 23
0 1 2
0 1 2 49
0 1 2
0 1 2
0 1 2
0 10 3 7
0 10 3 7
0 3 4 6
0 3 54 30 31
0 1 2
0 1 2
0 3 12 13
0 10 3 7
0 51 52 53 25 26
0 1 2
0 64 3
0 25 29
0 74 3
0 1 2 35 14
0 41 3
0 11 3
0 41 3
0 1 2 51 52 53
0 64 3
0 41 3
0 8 3 7
0 3 12 23
0 1 2
0 73 3
0 1 2
0 64 3
0 41 3
0 3 54 30 31
0 1 2
0 1 2
0 64 3
0 1 2
0 1 2
0 74 3
0 8 3 7
0 1 2
0 9 3 4
0 9 3 4
0 9 3 4
0 8 3 7
0 1 2 49
0 1 2
0 8 3 7
0 1 2
0 3 12 23
0 8 3 7
0 1 2
0 1 2
0 1 2
0 3 60
0 1 2 49
0 1 2
0 1 2
0 11 3
0 3 12 13
0 25 51 52 53
0 25 26
0 1 2
0 41 3
0 3 12 14 15 23 61
0 41 3
0 3 4 6
0 1 2
0 3 94
0 1 2 3 54 30 31
0
0 1 2
0 11 3
0 9 3 4
0 1 2
0 1 2
0 3 12 13
0 1 2
0 1 2
0 9 3 4
0 1 2
0 1 58
0 1 2
0 1 2
0 8 3 7
0 41 3
0 123 3 60 124
0 10 3 7
0 1 2
0 72 3 7
0 74 3
0 1 2
0 41 3
0 59 3 30
0 3 4 6
0 9 3 4
0 1 2
0 41 3
0 1 2
0 1 2
0 11 3
0 33 34 3 12 14 23
0 1 2
0 25 27 28
0 1 2
0 1 2
0 1 2
0 11 3
0 1 2
0 1 70
0 57 3 30
0 1 2
0 1 2 3 33 12 34 14
0 1 2
0 1 2
0 1 2
0 41 3
0 1 2
0 9 3 4
0 1 2 3
0 25 26
0 1 2
0 3 12 23
0 1 2 35 14
0 1 2
0 73 3
0 72 3 7
0 1 2
0 25 26
0
0 9 3 4
0 1 2
0 8 3 7
0 1 2
0 1 2 58
0 1 2
0 1 2
0 64 3
0 3 4 6
0 1 2
0 1 2
0 1 2
0 3 60
0 9 3 4
0 1 2
0 1 2
0 25 29
0 3 54 30 31
0 1 2 35 14
0 9 3 4
0 10 3 7
0 11 3
0 1 2
0 73 3
0 3 54 30 31
0 1 2
0 1 2
0 3 94
0 1 2
0 73 3
0 3 54 30 31
0 1 2
0 25 27 28
0 11 3
0 1 2
0 8 3 7
0 41 3 14 15
0 1 2
0 25 29
0 1 2
0 1 2
0 64 3
0 1 2
0 3 60
0 1 2
0 1 2
0 1 2
0 57 3 30
0 11 3
0 1 2
0 1 2
0 74 3
0 1 2
0 1 2
0 25 29
0 1 2
0 1 2
0 41 3
0 1 2
0 41 3
0 1 2
0 1 2
0 3 12 23
0 1 2
0 1 2
0 1 2
0 25 29
0 1 2
0 1 2
0 11 3
0 8 3 7
0 75 71 11 76 14 3 7
0 64 3
0 1 2
0 1 2
0 25 29
0 1 2
0 41 3
0 3 54 30 31
0 25 26
0 1 2
0 1 2 3 55
0 1 2
0 3 60
0 1 2
0 25 26
0 1 2
0 3 12 23
0 11 3
0 25 29
0 1 2
0 50 3
0 9 3 4
0 1 2
0 11 3
0 1 2
0 41 3
0 1 2
0 1 2
0 35 36 165 166 167 14 143 3 142 63
0 1 2
0 1 2
0 1 2
0 1 2
0 8 3 7
0 1 2
0 73 3
0 1 2
0 64 3
0 1 2
0 1 2
0 11 3
0 11 3
0 51 52 53 25 29
0 1 2
0 1 2 3 54 30 31
0 3
0 1 2
0 3 12 23
0 3 4 7 104 9 10 14 15 61
0 41 3
0 1 2
0 1 2
0 1 2
0 25 26
0 41 3
0 41 3
0 32 3 30 31
0 1 2
0 3 12
0 1 2
0 1 2
0 3 54 30 31
0 8 3 7
0 1 2
0 1 2
0 1 2
0 1 55
0 8 3 7
0 1 2
0 1 2
0 1 2
0 1 2
0 41 3
0 1 2
0 64 3
0 1 2
0 1 2
0 1 2
0 1 2
0 1 2
0 8 3 7
0 8 3 7
0 1 2
0 1 2 49
0 1 2
0 1 2
0 64 3
0 10 3 7
0 1 2
0 1 2
0 1 2
0 41 3
0 1 2
0 8 3 7
0 1 2 14 15
0 1 2
0 1 2
0 24 3
0 1 2
0 11 3
0 1 2
0 50 3
0 9 3 4
0 1 2
0 1 49
0 1 2
0 1 2
0 3 12 23
0 3 71 74 75 76 14 86
0 25 29
0 41 3
0 1 2
0 1 2
0 11 3
0 3 63
0 3 54 30 31
0 1 2
0 3 12 23
0 50 3
0 1 2
0 9 3 4
0 1 2 49
0 1 2
0 1 2
0 1 2
0 1 2
0 1 70
0 73 3
0 1 2
0 3 4
0 41 3
0 41 3
0 1 2
0 41 3
0 3 132 14 15 16 131 60
0 3 12 23
0 11 3
0 41 3
0 1 2
0 1 2
0 64 3
0 1 2
0 1 2
0 25 29
0 1 2
0 50 3
0 3 54 30 31
0 11 3
0 3 36 37 14 35 24
0 72 3 7
0 3
0 1 2
0 25 29
0 1 2 3
0 60 3 4 6
0 41 3
0 1 2 49
0 25 27 28
0 1 2
0 1 2
0 1 2
0 1 2
0 25
0 64 3 11
0 1 2
0 51 52 53 25 29
0 10 3 7
0 1 58
0 41 3
0 1 2
0 8 3 7
0 1 2
0 1 2
0 9 3 4
0 3 12 23
0 25 29
0 25 29
0 1 2
0 9 3 4
0 1 2
0 1 2
0 64 3
0 1 2
0 1 2
0 1 2
0 72 3 7
0 1 2
0 1 2
0 1 2
0 1 2
0 1 2
0 51 52 53 25 27 28
0 1 2
0 3 12 13
0 3 4 6
0 1 2
0 35 44 42 43 12 45 14 47 48 3 46
0 3
0 1 2
0 1 2
0 1 2 49
0 3 12 23
0 1 2 55
0 1 2
0 1 58
0 50 3
0 1 2
0 1 2
0 3 54 30 31
0 3 12 23
0 1 2 35 14
0 25 29
0 11 3
0 64 3 1 14 15 61 62
0 1 2
0 10 3 7
0 1 2
0 1 2
0 3 12 23
0 1 2
0 9 3 4
0 1 2
0 9 3 4
0 1 2
0 1 2
0 1 2
0 1 2
0 9 3 4
0 1 2
0 41 3
0 3 12 23
0 1 2
0 11 3
0 1 2
0 25 27 28
0 10 3 7
0 10 3 7
0 1 2
0 1 2
0 41 3
0 1 2 35 36 14 142
0 1 2
0 9 3 4
0 3 54 30 31
0 41 3
0 1 2 58
0 73 3
0 3 54 30 31
0 8 3 7
0 9 3 4
0 3 71 74 75 76 14 86
0 11 3
0 41 3 14 15
0 41 3
0 1 2
0 72 3 7
0 35 36 12 14 175 3 142 23 85
0 1 2
0 64 3
0 11 3
0 1 2
0 1 2
0 3 54 30 31
0 9 3 4
0 9 3 4
0 1 2
0 1 2
0 64 3
0 8 3 7
0 1 2
0 1 2
0 1 2
0 41 3
0 8 3 7
0 1 2
0 3 12 23
0 1 2
0 11 3
0 1 2
0 3 12 13
0 25 27 28
0 59 3 30
0 3 60
0 1 2
0 1 2
0 74 3
0 9 3 4
0 1 2
0 41 3 14 15
0 72 3 7
0 3 7
0 9 3 4
0 1 2
0 8 3 7
0 1 2
0 3 94
0 1 2
0 1 2
0 64 3
0 3 60
0 3 12 13
0 1 2
0 11 3
0 8 3 7
0 25 29
0 10 3 7
0 25 29
0 73 3
0 1 2
0 1 2
0 1 2
0 64 3
0 72 3 7
0 73 3
0 1 2
0 3 71 75 76 14 116 7
0 9 3 4
0 3 12 23
0 10 3 7
0 1 2
0 9 3 4
0 1 2
0 1 58
0 10 3 7
0 1 2
0 25 29
0 1 2 49
0 1 2
0 25 27 28
0 11 3
0 1 2
0 1 2
0 1 2
0 1 2
0 1 70
0 1 2
0 9 3 4
0 1 2 3 94
0 1 2
0 1 2
0 1 2
0 1 2
0 64 3
0 72 3 7
0 1 2
0 1 2
0 1 2
0 10 3 7
0 1 2
0 3 12 23
0 3 12 13
0 11 3
0 1 2
0 3 12 23
0 3 4 6 104 14 15 61
0 1 2
0 1 2
0 25 29
0 1 2
0 8 3 7
0 8 3 7
0 25 29
0 1 2
0 1 2
0 1 2
0 72 3 7
0 3 12 23
0 25 35 29 14
0 1 2
0 72 3 7
0 1 2
0 3 54 30 31
0 1 2
0 1 2
0 50 3
0 41 3
0 3 164 168 169 141 51
0 1 2
0 1 2
0 8 3 7
0 41 3
0 1 49
0 8 3 7
0 1 2 38 14 55
0 11 3
0 3 60
0 41 3
0 1 2
0 1 2
0 3 54 30 31
0 3 60
0 1 2
0 11 3
0 3 12 13
0 10 3 7
0 64 3 134 38 201 202 203 204 205 14 15 16
0 3 12 13
0 25 27 28
0 41 3
0 64 3
0 41 3
0 1 2
0 1 2
0 1 2
0 8 3 7
0 1 2
0 1 2 49
0 41 3
0 8 3 7
0 1 2
0 25 29
0 1 2
0 1 2
0 41 3
0 8 3 7
0 51 52 53 25 26
0 8 3 7
0 41 3
0 1 2
0 1 2
0 1 2
0 72 3 7
0 1 2
0 1 2
0 41 3
0 8 3 7
0 1 49
0 73 3
0 1 2
0 3 54 30 31
0 11 3
0 41 3
0 11 3
0 1 2
0 3 54 30 31
0 33 34 3 7 8 14 56
0 9 3 4
0 25 29
0 1 2
0 73 3
0 41 3
0 3 54 30 31
0 8 3 7
0 3 7 104 10 14 15 61
0 41 2 3 1
0 1 2
0 1 2
0 1 2
0 1 2
0 1 2
0 11 3
0 1 58
0 9 3 4
0 41 3
0 8 3 7
0 1 2
0 3 60
0 3 12 23
0 1 2
0 32 3 30 31
0 1 2
0 3 12 23
0 3 4 6
0 1 2
0 1 2
0 25 29
0 3 60
0 24 3
0 41 3
0 73 3
0 41 3
0 3 12 23
0 1 2
0 1 2 70
0 1 2
0 1 2
0 3 4 6
0 1 2
0 10 3 7
0 1 2
0 41 3
0 41 3
0 1 58
0 3 4 6
0 3 94
0 1 2
0 1 2
0 3 12 23
0 25 26
0 1 2
0 1 2
0 1 2
0 73 3
0 11 3
0 41 3
0 1 2
0 1 2
0 41 3
0 74 3
0 3 4 6
0 57 3 30
0 9 3 4
0 1 2
0 3 71 74 75 76 14 86
0 1 70
0 1 70
0 1 2
0 3 54 30 31
0 1 2
0 41 3
0 1 2 70 71 75 76 14
0 41 3
0 3 60
0 1 2
0 1 2
0 73 3
0 1 2
0 9 3 4
0 1 2
0 3 54 30 31
0 9 3 4
0 1 2
0 1 2
0 1 2
0 1 2 35 14
0 1 58
0 1 2
0 1 2 35 14
0 1 2 146
0 57 3 30
0 11 3
0 1 2
0 10 3 7
0 1 49
0 1 2
0 1 2
0 1 2
0 1 2
0 64 3
0 1 2
0 25 29
0 1 2
0 41 3
0 1 2
0 1 2 49
0 3 12 77 14 15 23
0 1 70 77 14 15
0 41 3
0 1 2 49
0 41 3
0 1 2
0 41 3
0 3 60
0 41 3
0 1 2
0 1 2
0 25 26
0 1 2
0 1 2
0 1 2
0 1 2
0 25 29
0 59 3 30
0 9 3 4
0 1 2 49
0 1 2
0 8 3 7
0 41 3
0 8 3 7
0 1 2 3
0 3 12 13
0 1 2
0 1 2
0 25 26
0 3 54 30 31
0 25 3 28 27
0 9 3 4
0 57 3 30
0 1 2
0 3 7
0 25 29
0 1 2 49
0 1 2
0 64 3
0 1 2
0 1 2
0 1 2
0 1 49
0 1 2
0 3 12 23
0 64 3
0 1 2
0 3
0 64 3
0 1 2
0 41 3
0 1 2
0 3 60
0 3 7 8 14 15 104 61
0 1 2
0 73 3
0 64 3
0 9 3 4
0 1 2
0 64 3
0 1 2 55
0 25 26
0 9 3 4
0 1 2 49
0 1 2
0 1 2
0 3 12 23
0 1 2 55
0 1 49
0 3 60
0 1 2
0 11 3
0 1 2
0 1 2
0 25 27 28
0 1 2
0 41 2 3 1
0 1 2
0 1 2
0 41 3
0 1 2
0 9 3 4
0 74 3
0 8 3 7
0 1 2
0 1 2
0 1 2
0 41 3
0 1 2 58
0 3 12 23
0 192 3 4 6 71 104 75 76 14 15 7 61
0 64 3
0 74 3
0 41 3
0 9 3 4
0 8 3 7
0 1 70
0 1 2
0 1 2
0 3 54 30 31
0 3 4 6 7 78
0 64 3
0 3
0 10 3 7
0 9 3 4
0 1 2
0 1 2
0 1 58
0 1 2
0 3 12 23
0 10 3 7
0 1 2
0 1 2 49
0 1 2
0 25 29
0 73 3
0 1 2
0 1 2
0 1 2
0 1 2
0 1 2 3 4 9
0 41 3
0 1 2
0 41 3
0 50 3
0 64 3
0 3 60
0 1 2
0 1 2
0 1 2
0 1 2
0 3 54 30 31
0 3
0 3 4 5 6 7 72
0 11 3
0 1 2
0 3 54 30 31
0 3 12 23
0 3 4 6
0 3 54 30 31
0 1 2
0 1 2
0 1 2
0 1 2
0 1 2
0 8 3 7
0 3 4 6
0 1 2
0 72 3 7
0 1 2
0 1 2 49
0 1 2
0 73 3
0 1 2
0 10 3 7
0 3 94
0 1 2
0 1 2
0 73 3
0 1 2
0 1 2
0 8 3 7
0 3 12 23
0 1 2
0 1 2
0 74 3
0 1 2
0 3 54 30 31
0 3 4
0 3 54 30 31
0 3 4 6
0 3 54 30 31
0 41 3
0 1 2
0 3 60
0 1 2
0 1 2
0 41 3
0 9 3 4
0 1 2
0 73 3
0 10 3 7
0 1 2
0 41 3
0 64 3
0 1 2
0 1 58 70
0 3 12 13
0 1 2
0 1 2
0 11 3
0 1 2
0 73 3
0 3 4 6 7 104 10 14 15 61
0 1 2
0 10 3 7
0 1 2
0 57 3 30
0 51 52 53 25 29
0 1 2
0 41 3
0 25 29
0 1 2
0 1 2
0 1 2
0 3 4 6
0 1 2
0 3 60
0 57 3 30
0 1 2
0 10 3 7
0 3 4 6
0 1 2
0 3 7 72 10 150
0 41 3
0 3 12 23
0 3
0 64 3
0 1 2
0 25 26
0 11 3
0 1 2
0 1 2
0 41 3
0 25 3 28 27
0 1 2
0 1 2
0 3 54 30 31
0 10 3 7
0 1 2
0 72 3 7
0 1 2
0 1 2 3 4 5
0 1 2
0 8 3 7
0 1 2
0 1 2
0 10 3 7
0 3 4 6
0 83 35 7 10 108 14 3
0 1 2
0 64 3
0 9 3 4
0 1 58
0 10 3 7
0 41 3
0 1 2
0 1 2
0 1 2
0 64 3
0 73 3
0 9 3 4
0 3 4 6
0 1 2
0 1 2
0 1 2 58
0 11 3
0 41 3
0 8 3 7
0 1 2
0 3 12 23
0 1 2
0 3 4 6 7
0 1 2
0 1 58
0 64 3
0 1 2
0 1 2
0 8 3 7
0 1 2
0 1 2
0 1 2
0 3 54 30 31
0 1 2
0 1 58
0 1 2
0 41 3
0 1 2
0 8 3 7
0 1 2
0 1 2
0 10 3 7
0 3 94
0 1 2
0 10 3 7
0 1 70
0 41 3
0 1 2
0 9 3 4
0 1 2
0 1 2
0 8 3 7
0 10 3 7
0 64 3
0 1 2 49
0 1 2
0 1 2
0 3 7
0 1 2
0 3 94
0 1 2
0 8 3 7
0 1 2
0 3 71 8 7 76 14 75
0 3 78 7
0 10 3 7
0 3 4 6
0 25 29
0 10 3 7
0 3 54 30 31
0 1 2
0 3 12 23
0 3 94
0 41 3
0 3 63
0 73 3
0 1 2 70
0 1 2 58
0 3 60
0 41 3
0 41 3
0 1 2
0 10 3 150 7
0 1 2
0 41 3
0 41 3
0 8 3 7
0 1 2
0 1 2
0 1 2
0 3 12 23
0 3 12 13 23
0 1 2
0 1 2
0 1 2
0 3 4 6
0 1 2
0 25 29
0 10 3 7
0 72 3 7
0 1 2
0 73 3
0 1 2
0 3 4 6
0 9 3 4
0 3 60
0 1 2
0 25 29
0 25 26
0 1 2
0 3 94
0 1 2
0 41 3
0 1 2
0 3 12 23
0 11 3
0 10 3 7
0 25 27 28
0 1 2
0 10 3 7
0 1 2
0 1 2
0 3 12 13
0 1 2
0 9 3 4
0 1 2
0 1 2
0 25 29
0 3 60
0 3 12 23
0 1 2
0 64 3
0 1 2
0 1 2 49
0 41 3
0 3 4 6
0 1 2 55
0 1 2
0 64 3
0 1 2
0 10 3 7
0 41 3
0 3 12 13
0 1 2 49
0 11 3
0 8 3 7
0 1 2
0 1 2
0 1 2
0 25 27 28
0 41 3
0 1 2
0 1 2
0 41 3
0 1 2
0 1 2
0 64 3
0 10 3 7
0 1 2
0 1 2
0 3 4 6 7 104 10 14 15 61
0 1 2
0 74 3
0 1 2
0 41 3
0 73 3
0 25 27 28
0 9 3 4
0 1 2
0 1 2
0 1 2
0 1 2
0 176 3 14 15 16
0 1 2
0 9 3 4
0 3 4 6 7 104 10 14 15 61
0 3 12 23
0 1 2
0 8 3 7
0 3 12 23
0 41 3
0 1 2
0 41 3
0 1 2
0 1 2
0 1 58
0 25 26
0 1 2
0 11 3
0 1 2
0 1 2 49
0 73 3
0 1 2
0 64 3
0 3 4 6 7 104 10 14 15 61
0 1 2
0 72 3 7
0 1 2
0 1 2
0 1 2
0 1 2
0 3 12 23
0 11 3
0 1 2
0 1 2
0 41 3
0 50 3
0 1 2
0 1 2
0 1 2
0 1 2
0 1 2
0 88 89 87
0 1 2
0 11 3
0 3 4 6 7 8 10
0 41 3
0 11 3
0 1 2
0 1 2
0 41 3
0 73 3
0 41 3
0 3 4 6 7 10 81 179 181
0 41 3
0 1 2
0 3
0 25 29
0 24 3
0 1 2
0 1 2
0 72 3 7
0 41 3
0 41 3
0 3 12 23
0 1 2
0 1 2
0 25 29
0 1 58
0 72 3 7
0 9 3 4
0 1 2
0 11 3
0 73 3
0 1 2
0 3 60
0 1 2
0 8 3 7
0 1 2
0 64 3
0 73 3
0 1 2
0 1 2
0 11 3
0 9 3 4
0 1 49
0 1 2 49
0 73 3
0 3 54 30 31
0 1 2
0 1 2
0 3 12 23
0 8 3 7
0 3 94
0 64 3 4 6
0 25 29
0 1 3 41 14 15 61 62
0 1 2 49
0 41 3
0 72 3 7
0 1 2 70
0 1 2
0 9 3 4
0 11 3
0 3 12 13
0 1 70
0 1 2
0 73 3
0 1 2
0 1 2
0 25 29
0 25 27 28
0 3 60
0 3 4 6
0 41 3
0 3 54 30 31
0 64 3
0 41 3
0 1 2
0 1 2
0 3 54 30 31
0 3 54 30 31
0 1 2
0 74 3 12 23
0 9 3 4
0 3 12 23
0 11 3
0 41 3
0 3 4 6
0 73 3
0 25 26
0 1 2
0 1 2
0 3 12 23
0 1 2
0 3 12 23
0 3 4 6
0 1 2
0 1 2 49
0 3 12 23
0 1 2
0 10 3 7
0 9 3 4
0 1 2
0 25 29
0 1 2
0 3 12 77 14 15 23
0 1 2
0 1 2
0 3 54 30 31
0 1 58
0 41 3
0 41 3
0 1 2
0 1 2 49
0 3 94
0 8 3 7
0 1 2
0 1 2
0 25 26
0 41 3
0 1 2
0 1 2 49
0 1 2 49
0 1 2
0 74 3
0 1 2
0 1 2
0 8 3 7
0 9 3 4
0 3 94
0 1 2
0 1 2
0 3 7 104 10 14 15 61
0 1 2
0 3 54 30 31
0 1 2
0 1 2
0 1 2
0 1 2
0 1 2
0 41 3
0 50 3
0 11 3
0 3 54 30 31
0 1 58
0 1 2
0 1 2
0 1 2
0 64 3
0 3 4 6
0 1 55
0 11 3
0 25 27 28
0 3 54 30 31
0 1 2
0 1 2
0 1 2
0 11 3
0 1 2
0 1 2
0 8 3 7
0 41 3
0 64 3
0 1 2
0 1 2
0 9 3 4
0 1 2
0 41 3
0 41 3
0 35 36 12 14 3 85 23
0 51 52 53 25 29
0 3 4 6
0 1 55
0 1 2
0 1 2
0 1 2
0 25 26
0 41 3
0 1 2
0 1 2
0 1 2
0 1 2
0 3 7
0 41 3
0 8 3 7
0 1 2
0 25 27 28
0 64 3
0 41 3
0 1 2
0 8 3 7
0 1 2 70
0 1 2
0 1 2
0 3 4 6
0 11 3
0 3 12 13
0 11 3
0 41 3
0 1 2
0 41 3
0 1 2
0 50 3
0 9 3 4
0 41 3
0 1 2
0 1 2 49
0 1 2
0 1 2
0 25 26
0 1 2
0 1 2
0 9 3 4
0 3 4 9 77 14 15
0 64 3
0 1 2
0 1 2
0 1 2
0 1 2
0 1 2
0 3 12 23
0 10 3 7
0 72 3 7
0 41 3
0 1 2
0 1 2
0 1 2
0 1 2 35 14
0 51 52 53 25 26
0 8 3 7
0 1 2
0 41 3
0 1 2
0 1 2
0 3 7 8 77 14 15
0 72 3 7
0 64 3
0 41 3
0 3 12 23
0 1 2
0 11 3
0 3 12 23
0 1 2
0 1 2
0 1 2
0 1 2
0 1 2
0 3 12 23
0 8 3 7
0 1 2
0 1 2
0 41 3
0 1 2
0 25 29
0 25 29
0 1 2
0 9 3 4
0 1 49
0 41 3
0 25 29
0 1 2
0 3 12 13
0 1 2
0 1 2
0 1 2
0 1 2
0 1 2
0 1 2 49
0 1 2
0 3
0 3
0 1 2
0 41 3
0 25 29
0 1 2
0 1 2
0 41 3
0 3
0 1 2
0 41 3
0 41 3
0 1 2
0 1 2
0 3 12 23
0 1 2
0
0 8 3 7
0 1 2
0 1 2
0 1 2
0 1 2
0 1 2
0 11 3
0 9 3 4
0 1 2 14 15
0 41 3
0 72 3 7
0 41 3
0 1 2
0 1 2
0 1 2
0 1 2
0 1 2
0 3 12 23
0 41 3
0 1 2 49
0 88 89 87
0 1 2
0 1 2 49
0 1 2
0 1 2 55
0 41 3
0 8 3 7
0 1 2
0 1 2
0 10 3 7
0 41 3
0 1 2
0 25 29
0 3 12 23
0 64 3
0 1 2
0 8 3 7
0 11 3
0 1 2
0 1 2
0 3 12 23
0 1 2
0 3 12 13
0 1 2
0 1 2
0 1 2
0 41 3
0 1 2
0 1 2
0 1 2
0 1 2
0 41 3
0 1 2
0 3 94
0 1 2
0 1 2
0 1 2
0 1 70
0 11 3
0 1 2
0 72 3 7
0 1 2
0 1 2
0 1 2 35 14
0 1 2
0 1 2
0 3 94
0 3 4
0 1 2
0 64 3
0 3 54 30 31
0 1 2
0 1 2
0 11 3
0 41 3
0 3 12 13
0 64 3
0 73 3
0 3 12 23
0 1 2
0 1 2
0 1 2
0 9 3 4
0 8 3 7
0 1 2
0 1 2
0 1 2
0 41 3
0 73 3
0 1 2
0 8 3 7
0 3 7
0 1 2
0 8 3 7
0 11 3
0 64 3
0 1 2
0 25 27 28
0 3
0 9 3 4
0 35 36 12 14 3 85 23
0 25 29
0 3 54 30 31
0 1 2
0 41 3
0 1 2
0 10 3 7
0 11 3
0 41 3
0 73 3
0 1 2
0 1 2
0 1 2
0 1 2
0 1 2
0 1 2
0 3 132 41 14 15 16 131 60 61
0 1 2
0 41 3
0 10 3 7
0 25 29
0 1 2
0 11 3
0 25 29
0 9 3 4
0 1 2 35 14
0 1 2
0 3 12 23
0 1 2
0 8 3 7
0 1 2
0 1 2
0 1 2
0 41 3
0 1 2
0 1 49
0 1 2
0 25 26
0 10 3 7
0 1 2
0 10 3 7
0 25 26
0 25 27 28
0 3 54 30 31
0 1 2 70
0 1 2
0 10 3 7
0 3 12 23
0 1 2
0 1 2
0 25 27 28
0 1 2
0 1 2
0 8 3 7
0 73 3
0 1 58
0 1 2
0 41 3
0 1 2 14 15
0 10 3 7
0 1 2 70
0 25 29
0 1 2
0 9 3 4
0 1 2
0 1 2
0 3 12 23
0 1 2
0 1 2
0 1 2
0 3 12
0 1 2
0 1 2
0 1 2
0 3 60
0 1 2 71 75 76 14
0 3 12 13 14 15 16 17
0 8 3 7
0 64 2 3 1
0 41 3
0 64 3
0 9 3 4
0 41 3
0 41 3
0 9 3 4
0 1 2
0 3 12 23
0 9 3 4
0 1 2
0 1 2
0 8 3 7
0 1 2 71 75 76 14
0 11 3
0 41 3
0 3 60
0 1 2
0 11 3
0 1 2
0 10 3 7
0 41 3
0 25 29
0 1 2
0 3 54 30 31
0 73 3
0 1 2
0 1 2
0 41 3
0 3 94
0 10 3 7
0 11 3
0 1 2
0 1 2
0 1 58
0 1 2
0 1 2
0 3 4 6
0 1 2
0 10 3 7
0 25 26
0 1 2 70
0 1 2
0 3 12 23
0 1 2
0 1 55
0 10 3 7
0 72 3 7
0 8 3 7
0 3 36 73 14 35
0 1 2
0 1 2
0 8 3 7
0 1 2
0 1 2
0 41 3
0 1 2
0 1 2
0 73 3
0 41 3
0 1 2
0 11 3
0 1 2
0 11 3
0 1 2
0 1 2
0 1 2
0 1 2
0 10 3 7
0 1 2
0 1 2
0 1 2 115 110 114 51
0 41 3
0 3 7 8 14 15 104 61
0 1 2
0 41 3
0 1 2 49
0 1 2
0 41 3
0 8 3 7
0 3 12 23
0 25 26
0 3 60
0 3 60
0 10 3 7
0 3 12 13
0 72 3 7
0 1 2
0 8 3 7
0 1 2
0 3 54 30 31
0 1 2
0 3 60
0 10 3 7
0 41 3
0 3 60
0 1 2
0 9 3 4
0 3 54 30 31
0 11 3
0 1 2
0 25 29
0 1 2
0 3 60
0 11 3
0 72 3 7
0 41 3
0 3 12 23
0 10 3 7
0 3 12 23
0 1 2
0 41 3
0 1 2
0 1 2
0 41 3
0 3 7
0 1 2
0 3 12 13
0 59 3 30
0 1 2
0 41 3
0 1 2
0 3 12 13
0 1 2 49
0 41 3
0 1 2
0 1 2
0 11 3
0 11 3
0 9 3 4
0 10 3 7
0 3 7 8 14 15 61
0 1 2
0 1 2 3 4 5
0 1 2
0 1 2
0 8 3 7
0 1 2
0 1 2
0 1 2 49
0 1 2
0 41 3
0 1 58
0 1 49
0 3 4 6
0 25 26
0 25 29
0 72 3 7
0 3
0 3 12 13 23
0 3 12 13 14 15 16 17
0 64 3
0 8 3 7
0 64 3
0 1 2
0 41 3
0 1 2
0 11 3
0 3 54 30 31
0 11 3
0 3 4 6
0 1 2
0 57 3 30
0 11 3
0 25 29
0 41 3
0 73 3
0 1 2
0 25 27 28
0 1 58
0 25 29
0 8 3 7
0 1 2
0 41 3
0 1 2
0 73 3
0 41 3
0 1 2
0 1 58
0 1 2 49
0 1 2
0 3 60
0 25 29
0 3 54 30 31
0 1 2
0 3 4 6 7 104 10 14 15 61
0 41 3
0 72 3 7
0 1 2 58 70
0 41 3
0 1 2
0 3 54 30 31
0 25 51 52 53
0 1 2
0 3 4 6
0 1 2
0 41 3
0 41 3
0 3 14 15 16 131 60
0 1 2
0 25 29
0 3 4 5
0 1 2
0 10 3 7
0 3 12 13
0 1 2
0 1 2
0 3 4 6
0 1 2
0 64 3
0 3 4 6
0 1 2
0 9 3 4
0 74 3 12 23
0 1 2
0 64 3
0 11 3
0 50 3
0 1 58
0 25 29
0 11 3
0 1 2
0 1 3 7 8 71 76 14 15 75 61 62
0 1 2
0 8 3 7
0 1 2
0 10 3 7
0 57 3 30
0 1 2
0 1 49
0 1 55
0 1 2
0 10 3 7
0 1 2
0 1 2 58
0 1 2
0 25 29
0 1 58
0 72 3 7
0 64 3
0 1 2
0 1 2 14 15
0 41 3
0 25 27 28
0 3 54 30 31
0 41 3
0 73 3
0 10 3 7
0 1 2
0 1 2
0 11 3
0 1 2 55
0 33 3 36 40 14 59 92 30
0 1 2
0 41 3
0 25 29
0 64 3
0 3 54 30 31
0 3 54 30 31
0 1 2
0 3 12 13
0 41 3
0 9 3 4
0 1 2
0 3 7
0 1 2
0 1 2
0 25 29
0 1 2
0 3 54 30 31
0 24 3
0 25 26
0 1 2
0 1 2
0 3 12 13
0 1 2
0 1 2
0 8 3 7
0 1 2
0 1 2
0 3 12 13
0 1 2
0 73 3
0 1 2
0 1 2
0 3 12 13
0 1 2
0 1 2
0 74 3
0 1 2
0 1 2
0 1 2
0 9 3 4
0 1 2 55
0 1 2
0 3 12 23
0 10 3 7
0 57 3 30
0 1 2
0 1 2
0 1 2
0 1 2
0 1 2
0 3 54 30 31
0 25 29
0 1 2 70
0 64 3
0 9 3 4
0 1 2
0 3 11 77 14 15
0 1 2
0 3 60
0 1 2
0 9 3 4
0 1 2
0 51 52 53 25 29
0 1 2
0 1 2 35 14
0 3 4 6
0 11 3
0 25 26
0 1 2
0 1 2
0 1 2
0 1 2
0 41 3
0 1 2
0 9 3 4
0 72 3 7
0 1 2 49
0 1 2 49
0 50 3
0 25 29
0 41 3
0 1 2
0 1 2
0 41 3
0 8 3 7
0 3 54 30 31
0 10 3 7
0 1 58
0 73 3
0 50 3
0 1 2 71 75 76 14
0 1 2
0 3 94
0 1 2
0 1 2
0 10 3 7
0 1 2
0 1 2
0 1 2
0 1 58
0 1 2
0 41 3
0 25 29
0 25 29
0 50 3
0 1 2
0 1 2
0 11 3
0 1 2
0 25 29
0 57 3 30
0 1 2
0 11 3
0 1 2
0 1 2
0 74 3
0 1 2
0 1 2
0 1 2
0 41 3
0 41 2 3 1
0 1 2
0 64 3
0 1 2 3 4 5 6
0 8 3 7
0 9 3 4
0 1 2 3 41 58
0 3 12 13
0 1 2
0 10 3 7
0 3 4 6
0 1 2
0 1 2
0 11 3
0 1 2
0 32 3 30 31
0 1 2
0 1 2
0 1 2
0 1 2
0 3 12 23
0 1 2
0 1 2
0 10 3 7
0 1 2
0 1 2
0 1 2
0 1 2
0 1 2
0 1 2
0 1 2
0 41 3
0 25 29
0 1 2
0 25 29
0 1 2
0 72 3 7
0 41 3
0 25 29
0 1 2
0 64 3
0 3 4 6
0 1 2
0 1 2
0 3 7 8 77 14 15
0 11 3
0 1 2
0 10 3 7
0 10 3 7
0 41 3
0 1 2
0 73 3
0 3 4 6
0 1 2
0 1 2
0 1 2
0 130 3 102 103 14
0 3 54 30 31
0 73 3
0 10 3 7
0 11 3
0 72 3 7
0 3 60
0 1 2
0 64 3
0 9 3 4
0 73 3
0 1 58
0 1 2
0 1 2 35 14
0 3 4 6
0 73 3
0 1 2
0 3 12 23
0 1 2
0 25 29
0 10 3 7
0 1 2
0 1 2
0 1 2 49
0 41 3
64 0 2 1 14 15 90 91
0 1 2 29 25
0 25 29
0 3 12 23
0 50 3
0 1 2
0 73 3
0 1 2
0 1 58
0 1 2
0 1 2
0 1 2
0 1 2
0 1 2 147 148 149
0 1 2
0 3 12 23
0 64 3
0 11 3
0 41 3
0 10 3 7
0 1 2
0 11 3
0 1 2
0 1 2
0 1 2
0 10 3 150 7
0 1 2
0 1 2
0 3 12 23
0 1 2
0 9 3 4
0 1 2
0 1 2 70
0 3 4 6 7 10
0 1 2
0 1 2
0 1 2
0 1 2
0 41 3
0 1 2 3 4 9
0 73 3
0 73 3
0 1 2
0 1 2
0 1 2
0 64 3
0 1 2
0 1 2
0 1 2
0 25 29
0 1 2
0 1 2
0 1 2
0 1 2 3 4
0 41 3
0 1 58
0 11 3
0 1 2
0 1 2
0 72 3 7
0 1 2
0 1 2
0 41 3
0 41 3
0 9 3 4
0 1 2 70
0 1 2 14 15
0 1 2
0 64 3
0 1 2
0 1 2
0 8 3 7
0 25 29
0 8 3 7
0 25 29
0 3 12 13
0 1 2
0 3 94
0 11 3
0 33 34 3 12 13 14
0 1 2 3 4 6 7 104 10 14 15 61
0 8 3 7
0 8 3 7
0 1 2
0 11 3
0 3 132 14 15 16 131 60 61
0 8 3 7
0 3 60
0 9 3 4
0 1 2
0 3 4 6
0 11 3
0 1 2
0 1 2
0 1 2
0 72 3 7
0 1 2 3 12 13
0 3 12 13
0 10 3 7
0 1 2
0 41 3
0 1 2
0 73 3
0 8 3 7
0 3 54 30 31
0 1 2
0 8 3 7
0 1 2
0 1 2
0 3 71 76 75 12 14 86 23
0 41 3
0 1 2
0 1 2
0 41 3
0 3 12 13
0 41 3
0 1 2
0 1 2
0 1 2
0 1 2
0 1 2
0 1 2
0 1 2
0 1 2
0 1 2
0 3 38 14 54 30 31
0 1 2
0 41 3
0 72 3 7
0 8 3 7
0 1 2
0 41 3
0 3 12 23
0 3 12 23
0 1 2
0 1 2
0 1 2
0 1 58
0 1 2
0 25 29
0 1 2
0 3 12 23
0 3 7 10 14 15 16
0 1 2
0 10 3 7
0 1 2
0 3 54 30 31
0 1 2
0 1 2
0 41 3
0 41 3
0 1 2
0 1 2
0 1 2
0 1 2
0 1 2
0 3 4 6
0 1 2
0 41 3 14 15
0 41 3
0 1 2
0 25 29
0 1 2
0 3 54 30 31
0 1 2
0 41 3
0 25 29
0 1 2
0 1 2
0 59 3 30
0 1 2
0 10 3 7
0 3 54 30 31
0 1 2
0 1 2
0 3 12 13
0 1 2
0 9 3 4
0 1 2
0 3 4 6
0 41 3
0 25 26
0 1 2
0 1 2
0 3 141
0 1 2
0 1 2 35 14
0 1 2
0 10 3 7
0 1 2
0 9 3 4
0 3 12 13
0 1 2
0 8 3 7
0 1 2
0 1 2
0 1 2
0 3 141
0 41 3
0 1 2
0 9 3 4
0 1 2
0 1 2
0 25 27 28
0 1 2
0 1 2
0 35 36 12 13 14 3
0 3
0 25 27 28
0 3 94
0 1 2 49
0 41 3
0 10 3 7
0 1 2
0 1 2
0 3 4 6 7
0 51 52 53 25 26
0 1 2
0 1 2
0 3 60
0 9 3 4
0 1 2
0 3 60
0 1 2
0 64 3
0 3 4 6 104 14 15 61
0 24 3
0 1 2
0 25 26
0 1 2
0 72 3 7
0 10 3 7
0 8 3 7
0 1 2
0 57 3 30
0 25 26 27 28
0 41 3
0 1 2
0 3 12 13
0 3 12 23
0 64 3
0 74 3
0 59 3 30
0 1 2
0 3 4 6 104 14 15 61
0 25 29
0 3 60
0 3 4
0 3
0 41 3
0 72 3 7
0 3 12 23
0 1 2
0 9 3 4
0 64 3
0 1 2
0 1 2
0 1 2
0 1 2
0 3 94
0 1 2
0 1 2
0 3 78 7
0 72 3 7
0 1 2
0 3 60
0 1 2
0 8 3 7
0 3 12 23
0 1 2
0 1 2
0 10 3 7
0 41 3
0 1 2
0 25 29
0 41 3
0 11 3
0 3 4 6
0 1 2
0 1 2 70
0 1 2 38 14 55
0 1 2
0 1 2
0 1 2
0 1 2
0 3 12 23
0 3 4 6
0 50 3
0 3 4 6
0 3 12 13
0 25 26
0 1 2 55
0 1 2
0 1 2
0 3 54 30 31
0 1 2
0 1 2
0 64 3
0 41 3
0 3 12 23
0 3 54 30 31
0 9 3 4
0 9 3 4
0 10 3 7
0 74 3 12 23
0 1 2 55
0 1 2
0 1 2
0 73 3
0 73 3
0 41 3
0 1 2
0 10 3 7
0 1 2
0 41 3
0 1 2
0 41 3
0 1 2
0 41 3
0 25 27 28
0 3 78 7
0 3 60
0 3 12 23
0 3 12 13
0 72 3 7
0 3
0 72 3 7
0 1 2
0 1 2
0 1 2
0 1 2 35 14
0 1 2
0 1 2
0 1 2
0 1 2
0 1 2
0 1 2
0 72 3 7
0 41 3 14 15
0 1 2
0 3 12 23
0 3 12 13
0 1 2
0 1 2
0 1 2
0 3 54 30 31
0 1 2
0 1 2
0 9 3 4
0 1 2 49
0 3 60
0 1 2
0 1 2
0 41 3
0 3 94
0 8 3 7
0 64 3
0 1 2
0 3 54 30 31
0 1 2
0 10 3 7
0 41 2 3 1
0 25 27 28
0 10 3 7
0 1 2
0 1 2
0 83 3 7 8 108 14 35
0 1 2
0 41 3
0 1 2
0 64 3
0 3 12 23
0 1 2
0 32 3 30 31
0 1 2
0 11 3
0 35 36 12 13 14 3
0 1 2
0 64 3
0 3 12 13
0 25 29
0 41 3
0 1 2
0 11 3
0 1 2
0 3 7
0 73 3
0 1 2 35 14
0 3 12 23
0 1 2
0 64 3
0 1 2
0 1 58
0 1 2
0 1 2
0 1 2
0 3
0 3 4
0 3 60
0 8 3 7
0 25 26
0 1 2
0 1 2
0 3 4 6 7 74 78 10
0 3 71 74 75 76 14 86
0 72 3 7
0 41 3
0 1 2
0 64 3
0 137 138 3
0 1 2
0 3 12 23
0 11 3
0 1 2
0 3 4 6 7 136 10 14 67
0 25 29
0 1 2
0 1 2
0 1 2
0 1 55
0 9 3 4
0 1 2
0 9 3 4
0 1 2
0 1 2
0 3 54 30 31
0 1 2 49
0 25 29
0 3 12 23
0 1 2
0 41 3
0 25 29
0 1 2
0 1 2
0 1 2
0 1 2
0 41 3
0 25 27 95
0 9 3 4
0 1 2
0 1 2
0 1 2
0 1 2 3 55
0 1 2
0 1 2
0 1 2
0 3 54 30 31
0 25 29
0 25 29
0 41 3
0 1 2
0 3
0 1 2
0 1 58
0 3 4 6 104 14 15 61
0 3 4 6
0 41 3
0 1 2
0 10 3 7
0 73 3
0 1 58
0 50 3
0 8 3 7
0 1 2
0 25 29
0 73 2 3 1
0 41 3
0 25 27 28
0 1 2
0 25 26
0 3 12 23
0 10 3 7
0 3
0 1 2 49
0 1 2
0 3 94
0 3 12 13
0 3
0 10 3 7
0 1 2
0 41 3
0 73 3
0 41 3
0 3 60
0 3 12 13
0 3 60
0 1 2
0 11 3
0 1 2 70
0 1 2
0 8 3 7
0 9 3 4
0 1 2
0 1 2
0 8 3 7
0 41 3
0 1 2
0 1 2
0 1 2
0 25 29
0 1 2 77 14 15
0 1 2
0 1 2
0 3
0 11 3
0 3 4 5
0 1 2
0 3 12 13
0 1 2
0 64 3
0 3
0 25 29
0 8 3 7
0 3 104 14 15 61
0 1 2
0 1 2
0 1 2
0 3 12 23
0 72 3 7
0 1 2
0 25 3 28 27
0 11 3
0 1 2
0 3 54 30 31
0 1 2
0 3 4 6 7 104 10 14 15 150 61
0 1 2
0 11 3
0 1 2
0 1 2 58
0 1 2
0 11 3
0 41 3
0 1 2
0 1 2
0 1 2
0 1 2 49
0 32 3 30 31
0 3 4 6
0 1 2
0 9 3 4
0 10 3 7
0 1 2
0 8 3 7
0 1 2
0 3 4 6
0 1 2 3 4 5
0 1 2 35 14
0 1 2 3 4 5
0 41 3
0 1 2
0 1 2
0 1 2
0 1 2
0 25 29
0 1 2
0 1 2
0 1 2
0 3 54 30 31
0 1 2
0 10 3 7
0 1 2
0 1 2
0 1 2 49
0 1 2
0 1 2
0 72 3 7
0 41 3
0 73 3
0 25 29
0 1 2
0 1 2
0 3 12 13
0 1 2
0 51 52 53 25 27 28
0
0 1 2
0 1 2
0 41 3
0 1 2
0 3 94
0 25 29
0 64 3
0 1 2
0 1 2
0 64 3
0 1 2
0 9 3 4
0 1 2
0 9 3 4
0 41 3
0 1 2
0 59 3 30
0 10 3 7
0 1 2
0 41 3
0 3
0 74 3
0 1 2
0 1 2
0 3 12 23
0 64 3
0 25 27 28
0 1 2
0 1 2
0 25 29
0 8 3 7
0 3 54 30 31
0 3 12 23
0 8 3 7
0 1 2
0 3 4 77 14 15
0 3 60
0 25 27 28
0 41 3
0 64 3
0 41 3
0 1 2
0 1 2
0 9 3 4
0 73 2 3 1
0 25 29
0 1 2
0 3 71 74 75 76 14
0 1 2
0 11 3
0 1 2
0 9 3 4
0 96 3 37 11 14 15 16
0 8 3 7
0 1 2
0 1 2
0 11 3
0 3 12 23
0 8 3 7
0 41 3
0 1 2
0 1 2
0 3 4 6
0 1 2 3 110 111 112 113 51
0 1 2
0 41 3
0 1 2
0 3 12 23
0 1 2
0 1 2
0 1 2 35 14
0 1 2
0 8 3 7
0 41 3
0 41 3
0 11 3
0 8 3 7
0 41 3
0 73 3
0 1 2
0 64 3
0 25 29
0 73 3
0 10 3 7
0 1 2
0 1 2
0 3 94
0 1 2
0 8 3 7
0 1 2
0 1 2
0 1 2
0 73 3
0 1 2
0 41 3
0 3 60
0 1 2
0 1 2
0 9 3 4
0 1 2
0 1 2
0 1 2
0 41 3
0 25 26
0 1 2 3
0 72 3 7
0 3 12 13
0 25 29
0 3 94
0 64 3
0 3 12 23
0 3 54 30 31
0 10 3 7
0 74 3
0 3 60
0 1 2 49
0 3 60
0 64 3
0 1 2
0 74 3
0 3 4 6
0 25 29
0 1 2 55
0 11 3
0 1 2
0 3 60
0 1 2
0 73 3
0 1 2 49
0 41 3
0 9 3 4
0 41 3
0 41 3
0 41 3
0 1 2
0 1 2
0 1 2
0 1 2
0 3 54 30 31
0 1 2
0 1 2
0 1 2
0 41 3
0 1 2
0 1 2
0 1 2
0 3 54 30 31
0 3 12 23
0 1 2
0 11 3
0 1 2
0 1 2
0 1 2
0 1 2 3
0 8 3 7
0 1 2
0 11 3
0 3 12 13
0 1 2 14 15 61 62
0 41 3
0 1 2 49
0 3 12 13
0 3 54 30 31
0 3 12 23
0 73 3
0 25 29
0 1 2
0 41 3 14 15
0 41 3
0 1 2 70
0 1 2
0 57 3 30
0 41 3
0 3 12 23
0 1 2
0 1 2
0 1 2
0 1 2
0 25 27 28
0 8 3 7
0 3 77 12 13 14 15
0 3
0 1 2
0 9 3 4
0 1 2
0 1 2
0 3 4 6
0 25 26
0
0 3
0 72 3 7
0
0 1 2
0 1 2
0 8 3 7
0 1 2
0 3 78 7
0 10 3 7
0 24 3
0 1 2
0 1 2
0 1 2
0 3 12 13
0 3 12 23
0 3 12 23
0 41 3
0 1 2
0 1 2
0 1 2
0 1 2
0 1 2
0 1 58
0 8 3 7
0 1 2
0 41 3
0 1 2
0 64 3
0 72 3 7
0 25 29
0 1 2
0 1 2
0 3
0 8 3 7
0 1 2
0 1 2
0 3 12 23
0 10 3 7
0 1 2
0 1 2
0 3 4 6
0 1 2
0 1 2
0 1 2
0 3 134 135 11 14 15
0 25 27 28
0 41 3
0 25 29
0 1 2
0 64 3
0 1 2
0 3 54 30 31
0 41 3
0 1 2
0 1 3 71 76 75 12 13 14
0 25 26
0 1 2 70
0 1 2
0 1 2
0 9 3 4
0 1 2
0 1 2
0 41 3
0 41 3
0 10 3 7
0 1 2
0 1 2
0 1 2
0 1 2 49
0 1 2
0 3 4 6 7 8 10 14 15 104 61
0 1 2
0 1 2
0 1 2
0 11 3
0 3 60
0 11 3
0 1 2
0 11 3
0 3 37 14 15 16 155 61
0 10 3 7
0 3 12 23
0 1 2
0 1 2
0 11 3
0 1 2
0 1 2
0 9 3 4
0 1 2
0 1 2
0 8 3 7
0 3 94
0 1 2 35 14
0 51 52 53 25 29
0 1 2
0 3 7 104 10 14 15 61
0 11 3
0 1 2
0 3 4 6
0 1 2
0 25 29
0 1 2
0 10 3 7
0 1 2 35 14
0 1 2
0 3 12 13
0 9 3 4
0 64 3
0 64 3
0 64 3 4 6 7 10
0 8 3 7
0 41 3
0 1 2
0 3 4 6
0 25 29
0 1 2
0 1 2 14 15 61 62
0 1 2
0 1 2
0 1 2
0 1 2
0 1 2
0 1 2 3 4 9 77 14 15
0 3 12 23
0 64 3
0 1 2
0 9 3 4
0 11 3
0 1 2
0 3 12 13
0 1 2
0 3 12 23
0 3 138 14 15 54 61 30 31
0 1 2
0 3 60
0 64 3 60
0 41 3
0 1 2
0 3 60
0 3 12 13
0 3 12 23
0 64 3
0 1 2
0 9 3 4
0 1 2
0 1 2
0 1 2
0 1 2
0 41 3
0 1 2
0 64 3
0 1 2
0 1 2
0 25 29
0 25 27 28
0 1 2 49
0 73 3
0 1 2
0 1 2
0 1 2
0 1 2
0 3 60
0 41 3
0 3 12 13
0 72 3 7
0 1 2
0 1 2
0 41 3
0 8 3 7
0 1 2
0 3 4 5
0 3 4 6
0 1 2
0 1 2
0 1 2
0 1 2
0 1 2
0 1 2
0 1 2 3 7 8
0 1 2
0 1 2
0 1 2 49
0 1 2
0 73 3
0 1 2
0 1 49
0 11 3
0 3
0 3 12 23
0 1 2
0 72 3 7
0 1 2
0 3 12 23
0 1 2
0 25 27 28
0 1 2
0 41 3
0 3 12 23
0 11 3
0 1 2
0 1 2
0 1 2
0 10 3 7
0 35 36 12 14 3 23
0 11 3
0 1 2
0 1 2
0 1 2
0 1 2
0 3 60
0 64 3
0 1 2
0 41 3
0 72 3 7
0 1 2
0 25 29
0 3 4 6
0 25 26
0 1 2 49
0 3 54 30 31
0 8 3 7
0 41 3
0 1 2 35 14
0 3 12 23
0 1 2
0 8 3 7
0 25 29
0 41 3
0 3 63
0 25 26
0 41 3
0 41 3
0 41 3
0 1 2
0 8 3 7
0 1 2
0 1 2
0 3 60
0 11 3
0 1 2
0 64 3
0 1 2
0 73 3
0 8 3 7
0 11 3
0 1 2
0 1 2
0 1 2
0 8 3 7
0 9 3 4
0 41 3
0 41 3
0 73 3
0 3 4 6
0 11 3
0 1 2
0 1 2
0 10 3 7
0 1 2
0 1 58
0 1 2
0 11 3
0 72 3 7
0 1 2
0 3 36 14 79 80 35 24
0 1 2
0 3 7
0 1 2
0
0 72 3 7
0 57 3 30
0 1 2
0 1 2
0 1 2
0 1 2
0 1 2
0 10 3 7
0 73 3
0 72 3 7
0 1 2
0 1 2
0 1 2
0 1 2
0 1 2
0 73 3
0 1 2
0 1 2
0 9 3 4
0 1 2
0 3
0 1 2
0 41 3
0 41 3
0 1 2
0 8 3 7
0 1 2
0 11 3
0 25 26
0 3 12 23
0 1 2
0 1 2
0 3 94
0 41 3
0 1 2
0 25 27 28
0 8 3 7
0 10 3 7
0 1 2
0 9 3 4
0 11 3
0 1 2
0 3 60
0 3
0 10 3 7
0 1 2
0 1 2
0 41 3
0 3 37 11 14 15 16
0 64 3
0 3 12 13
0 1 2
0 1 2
0 9 3 4
0 1 2
0 41 3
0 1 2
0 41 3
0 1 2
0 9 3 4
0 1 2 70
0 8 3 7
0 3 4 6
0 10 3 7
0 1 2
0 3 94
0 1 2
0 64 3
0 64 3
0 41 3
0 1 2
0 1 2
0 1 2 70
0 3 4 6 104 14 15 61
0 1 2
0 74 3
0 25 29
0 3 12 23
0 9 3 4
0 3 4 5 6
0 1 2
0 1 2
0 41 3
0 1 2
0 10 3 7
0 1 2
0 1 2
0 1 2
0 1 2
0 1 2
0 73 3
0 64 3
0 1 2
0 3 12 23
0 3 12 23
0 1 2
0 1 2
0 1 2
0 10 3 7
0 1 2
0 64 3
0 1 2
0 3 12 23
0 1 2
0 1 2
0 3 54 30 31
0 73 3
0 1 2
0 1 2
0 64 3 36 37 14 35
0 41 3
0 3 54 30 31
0 1 2 14 15 90 91
0 3 12 23
0 41 3
0 72 3 7
0 1 2
0 1 2
0 3 4 6
0 25 29
0 1 2
0 1 2
0 1 2
0 10 3 7
0 41 3
0 41 3
0 41 3
0 3 12 13
0 64 3
0 1 2
0 1 70
0 25 29
0 11 3
0 1 2 35 14
0 1 2
0 1 2
0 1 2 35 14
0 8 3 7
0 1 2 49
0 1 2
0 1 2
0 1 2
0 8 3 7
0 1 2
0 1 2 58
0 1 2
0 1 2
0 9 3 4
0 50 3
0 25 26
0 3 54 30 31
0 11 3
0 1 2
0 50 3
0 1 2
0 1 2
0 3 4 6
0 41 3
0 11 3
0 1 2
0 73 3
0 41 3
0 11 3
0 3 12 13
0 1 2
0 1 2
0 10 3 7
0 3 12 13
0 1 2
0 3 54 30 31
0 1 2
0 41 3
0 3 4 6
0 1 2
0 1 2
0 1 2
0 1 2
0 1 58
0 1 2
0 1 2 70
0 3 4 6
0 3 12 13
0 3 4 6
0 11 3
0 1 2
0 1 2
0 1 2
0 1 2
0 1 2
0 11 3
0 1 2
0 1 2
0 1 2
0 25 27 28
0 57 3 30
0 3 4 6
0 1 2
0 3 60
0 1 2
0 9 3 4
0 1 2 49
0 1 2
0 1 2
0 1 2
0 41 3
0 10 3 7
0 41 3
0 1 49
0 64 3
0 25 29
0 1 2
0 11 3
0 35 36 44 106 43 12 14 15 16 17 3 85
0 1 2 55
0 1 70
0 1 2
0 1 2
0 1 2
0 1 2
0 3 4 6 71 75 76 14
0 1 2
0 1 2
0 3 12 23
0 1 2
0 74 3
0 64 3
0 10 3 7
0 1 2
0 1 2
0 11 3
0 1 2
0 1 2
0 3 12 13
0 1 2
0 1 2
0 41 3
0 1 2
0 1 2 70 55
0 64 3
0 8 3 7
0 25 29
0 1 2
0 1 2
0 1 2
0 3
0 41 3
0 74 3
0 41 3
0 1 2
0 1 2
0 64 3
0 25 29
0 8 3 7
0 3 54 30 31
0 1 2
0 1 2
0 1 2
0 64 3
0 25 29
0 1 2
0 11 3
0 1 2 55
0 41 3
0 3 12 23
0 1 2 3 7 104 10 14 15 61
0 1 2
0 1 2
0 1 2
0 1 2
0 41 3
0 1 2
0 1 2
0 1 2
0 1 2 49
0 1 2
0 1 2
0 25 29
0 33 3 36 40 14 59 92 30
0 8 3 7
0 3 54 30 31
0 41 3
0 3 60
0 1 2
0 1 2
0 3 12 23
0 1 2
0 1 2
0 1 2
0 1 2
0 10 3 7
0 10 3 7
0 41 3
0 1 2
0 1 2
0 3 4 6
0 41 3
0 10 3 7
0 8 3 7
0 97 3 7 8 14 15
0 3 4 6 7 104 10 14 15 61
0 3 4 6
0 1 2
0 3 12 23
0 9 3 4
0 1 2
0 1 2 49
0 11 3
0 10 3 7
0 73 3
0 41 3
0 9 3 4
0 41 3
0 41 3
0 41 3
0 8 3 7
0 3 12 23
0 3 94
0 25 26
0 1 58
0 1 2
0 1 2 55
0 9 3 4
0 1 2
0 1 2
0 1 2
0 72 3 7
0 41 3
0 3 60
0 1 2
0 3 12 23
0 1 58
0 3 94
0 1 2
0 1 2
0 41 3
0 9 3 4
0 3 4 6
0 3 12 13
0 8 3 7
0 3 12 23
0 1 2
0 41 3
0 1 58
0 1 2
0 1 2
0 25 29
0 1 2
0 1 2
0 3 12 23
0 1 2 49
0 1 2
0 3 12 23
0 3 60
0 1 2
0 9 3 4
0 1 2
0 1 2
0 3 4 6
0 3 54 30 31
0 11 3
0 73 3
0 1 2
0 64 3
0 1 2
0 8 3 7
0 11 3
0 64 3
0 11 3
0 25 29
0 1 2
0 3 12 23
0 41 3
0 1 2
0 1 2
0 25 26
0 1 2
0 11 3
0 1 2
0 9 3 4
0 1 2
0 11 3
0 8 3 7
0 1 2
0 1 2 70
0 11 3
0 50 3
0 1 2
0 25 29
0 1 2
0 3 4 6 7 10
0 1 2
0 25 29
0 1 2
0 1 2
0 3 4 6
0 72 3 7
0 1 2
0 1 2
0 8 3 7
0 1 2
0 8 3 7
0 11 3
0 3 54 30 31
0 1 2
0 10 3 7
0 1 2
0 3 4
0 8 3 7
0 73 3
0 25 29
0 11 3
0 10 3 7
0 1 2
0 1 2
0 1 2
0 1 2
0 1 14 15 58 61 62
0 41 3
0 3 54 30 31
0 1 2
0 1 2 49
0 1 2
0 25 29
0 65 66 3 152 60
0 11 3
0 11 3
0 73 3
0 1 2
0 3 54 30 31
0 1 2
0 9 3 4
0 3 4
0 1 2
0 1 2
0 64 3
0 1 2
0 1 2 49
0 25 26
0 1 2
0 1 2
0 1 2
0 3 12 23
0 3 60
0 1 2
0 1 2
0 3 54 30 31
0 9 3 4
0 3 78 7
0 25 29
0 1 2
0 1 2
0 3
0 41 3
0 73 3
0 25 29
0 1 2
0 3 7
0 1 2
0 1 2
0 3 12 23
0 10 3 7
0 10 3 7
0 3 12 23
0 1 70
0 3 12 23
0 41 3
0 1 2
0 1 2
0 1 2
0 8 3 7
0 72 3 78 7
0 64 2 3 1
0 3
0 41 3
0 1 2
0 1 2
0 41 3
0 1 2
0 1 2 49
0 41 3
0 1 2
0 1 2
0 1 58
0 41 3
0 1 2
0 1 2
0 72 3 7
0 73 3
0 1 2
0 1 2
0 1 2
0 3 71 74 75 76 14 86
0 41 3
0 3 12 23
0 41 3
0 3 60
0 1 2
0 11 3
0 1 2
0 41 3
0 1 2
0 1 2 49
0 1 2
0 1 2
0 1 58
0 3 60
0 1 2
0 1 49
0 1 2
0 1 2
0 1 2
0 74 3
0 1 2 49
0 10 3 7
0 3 4 6 7 104 10 14 15 61
0 1 2
0 3 12 23
0 50 3
0 3 60
0 41 3
0 3 60
0 1 2
0 1 2 55
0 41 3
0 3 54 30 31
0 1 2
0 1 2
0 9 3 4
0 25 29
0 3 54 30 31
0 3 54 30 31
0 25 29
0 1 2 49
0 3 12 23
0 1 2
0 1 2
0 1 2
0 25 26
0 3 136 14 151 60
0 8 3 7
0 11 3
0 57 3 30
0 1 2
0 3 14 15 60 61
0 1 2
0 1 2
0 1 2
0 3 14 15 54 30 31
0 1 2
0 1 2
0 1 2
0 1 2
0 3 78 7
0 1 2
0 1 2
0 3 12 23
0 10 3 7
0 1 2
0 8 3 7
0 8 3 7
0 1 2
0 3 4 5
0 41 3
0 1 2
0 1 2 55
0 1 2
0 1 2
0 1 2
0 1 2
0 1 2 49
0 8 3 7
0 25 29
0 1 2
0 1 2
0 3 12 23
0 1 58
0 11 3
0 3 4 6
0 3 41 77 14 15
0 1 2
0 41 3
0 1 2
0 50 3
0 1 2
0 3 12 23
0 1 2
0 1 2
0 1 2
0 11 3
0 41 3
0 1 2
0 1 2 49
0 11 3
0 10 3 7
0 8 3 7
0 1 2
0 3 54 30 31
0 3 12 23
0 1 2
0 3 54 30 31
0 1 2
0 1 55
0 1 2
0 8 3 7
0 8 3 7
0 11 10 3 7
0 1 2
0 50 3
0 1 2 55
0 8 3 7
0 41 3
0 3 12 23
0 1 2
0 3 4 6 7 8 10
0 1 2
0 41 3
0 1 2
0 1 2
0 1 2
0 1 2
0 9 3 4
0 1 2 3 12
0 25 29
0 3 36 14 35 24
0 1 2
0 1 2
0 1 2
0 8 3 7
0 1 2
0 41 3
0 3 12 23
0 35 36 12 14 3 23
0 1 2
0 1 2
0 3 12 13
0 41 3
0 1 2 49
0 1 2
0 1 2
0 41 3
0 25 26
0 3 12 81 82 23
0 1 2
0 11 3
0 3 60
0 1 2
0 41 3
0 1 2
0 11 3
0 1 2
0 25 29
0 3 12 23
0 1 2
0 1 2
0 1 2
0 8 3 7
0 41 3
0 1 2
0 1 2
0 3 54 30 31
0 1 2
0 1 70
0 41 3
0 1 2
0 64 3
0 1 2
0 73 3
0 41 3
0 1 2 49
0 41 3
0 25 27 28
0 1 2
0 1 2
0 3 54 30 31
0 3 7
0 1 2
0 1 2
0 3 4
0 1 2
0 1 2
0 73 3
0 25 29
0 3 60
0 73 3
0 1 2
0 3 60
0 3 12 23
0 11 3
0 74 3
0 10 3 7
0 3 94
0 41 3
0 1 2
0 73 3
0 3 12 23
0 1 2
0 1 2
0 9 3 4
0 1 2
0 3 4 6
0 11 3
0 11 3
0 41 3
0 3 4 6 7 8
0 3 54 30 31
0 73 3
0 3 54 30 31
0 25 29
0 41 3
0 1 2
0 41 3
0 41 3
0 72 3 7
0 1 2
0 1 2
0 1 2
0 1 2
0 11 3
0 9 3 4
0 3 4 6 7
0 3 60
0 1 2
0 11 3
0 24 3
0 1 2
0 88 89 87
0 3 12 13
0 3 54 30 31
0 1 2
0 10 3 7
0 1 2
0 1 2
0 64 3
0 25 29
0 1 2
0 1 2
0 1 2
0 1 2
0 8 3 7
0 1 2
0 1 2
0 1 2
0 1 2
0 72 3 7
0 41 3
0 73 3
0 1 2
0 3 12 23
0 41 3
0 10 3 7
0 64 3
0 1 2 49
0 1 2
0 3 12 13
0 1 2
0 1 2 49
0 8 3 7
0 1 2
0 1 2
0 1 58
0 1 2
0 64 3
0 1 2
0 41 3
0 1 2
0 8 3 7
0 1 2
0 1 2
0 8 3 7
0 1 2
0 1 2
0 1 2
0 3 12 13
0 1 2 49
0 3
0 8 3 7
0 1 2 49
0 9 3 4
0 1 2
0 72 3 7
0 1 58
0 9 3 4
0 9 3 4
0 9 3 4
0 1 2
0 1 2
0 10 3 7
0 25 27 28
0 1 2
0 9 3 4
0 1 2
0 9 3 4
0 1 2
0 64 3
0 96 3 37 7 11 14 15 16 155
0 1 2 35 14
0 3 4 5
0 3 94
0 1 2
0 1 2
0 3
0 25 27 28
0 1 2 3 70
0 1 2
0 10 3 7
0 1 2
0 8 3 7
0 3 54 30 31
0 1 2 3 7 72
0 1 2
0 1 2 49
0 3 94
0 3 12 23
0 1 2
0 1 2
0 1 2 49
0 3 14 15 60 61 62
0 1 2
0 73 3
0 8 3 7
0 1 2
0 1 2
0 1 2
0 3 78 7
0 1 2
0 1 2
0 10 3 7
0 1 2
0 3 4 6 7 8
0 1 2 49
0 1 2
0 9 3 4
0 3 4 6
0 25 27 28
0 1 2
0 1 2 3
0 8 3 7
0 50 3
0 74 3
0 3 4 6
0 41 3
0 64 3 77 14 15
0 8 3 7
0 1 2
0 1 2
0 1 2
0 1 2 71 75 76 14
0 3 4 6
0 1 2
0 9 3 4
0 9 3 4
0 11 3
0 8 3 7
0 74 3
0 72 3 7
0 3 4 6
0 3 71 12 14 23
0 11 3
0 1 2
0 41 3
0 1 2
0 1 2
0 1 58
0 11 3
0 1 2 55
0 1 2
0 3 12 23
0 72 3 7
0 1 58
0 1 2
0 1 2 71 75 76 14
0 1 2
0 3 12 13
0 41 3
0 10 3 7
0 1 2
0 1 2
0 1 2 49
0 64 3
0 41 3
0 1 2 49
0 41 3
0 1 2
0 1 2
0 74 3
0 1 2
0 9 3 4
0 1 2
0 41 3
0 1 2
0 8 3 7
0 25 29
0 1 2
0 1 2
0 1 2
0 1 2
0 1 2
0 1 2 3 36 12 77 14 15 35
0 1 2
0 1 2
0 3 12 13
0 3 12 13
0 11 3
0 25 3 29
0 11 3
0 41 3
0 25 29
0 11 3
0 1 2
0 1 2
0 1 2
0 1 2
0 73 3
0 1 2
0 25 29
0 41 3
0 25 29
0 41 3
0 25 26
0 3 4 6
0 1 2
0 1 2
0 1 2
0 11 3
0 11 3
0 1 2
0 1 2
0 3 4 5
0 1 2
0 1 2
0 10 3 7
0 1 2
0 11 3
0 1 2
0 8 3 7
0 73 3
0 41 3
0 1 2
0 1 2
0 3 81 106 12 14 15 16 17 178 23
0 1 70
0 3 4
0 11 3
64 0 2 1 14 15 90 91
0 1 2
0 41 3
0 1 2 70
0 41 3
0 1 2
0 10 3 7
0 41 3
0 1 2
0 1 2
0 1 2
0 3 12 13
0 41 3
0 64 3
0 3 36 37 14 35 24
0 1 2 49
0 3 4 6
0 3 12 23
0 176 3 74 14 15 16
0 1 2
0 1 2
0 1 2
0 1 2
0 1 2
0 1 2
0 1 2
0 3 60
0 97 3 4 9 14 15
0 1 2
0 72 3 7
0 3 4 6
0 3 60
0 11 3
0 1 2
0 11 3
0 3 12 13
0 1 2 55
0 1 2
0 1 2 49
0 25 26
0 1 2
0 1 2
0 1 2
0 3
0 41 3
0 1 2
0 1 2
0 10 3 7
0 3 12 23
0 8 3 7
0 25 29
0 1 2 49
0 41 3
0 41 3
0 1 2
0 41 3
0 3 4 5
0 1 2
0 25 29
0 1 2
0 1 2
0 3 12 13
0 1 2
0 3 12 13 14 15 16 17
0 1 2
0 41 3
0 3 4 6
0 1 2
0 1 2
0 1 2
0 41 3
0 51 52 53 25 27 28
0 1 2
0 9 3 4
0 64 3
0 1 2
0 3 12 23
0 41 3
0 1 2 55
0 8 3 7
0 72 3 7
0 1 2
0 1 2
0 3 63
0 64 3
0 41 3
0 25 29
0 1 2
0 1 2
0 3 54 30 31
0 10 3 7
0 1 2
0 1 2
0 1 2
0 1 2
0 73 3
0 64 3
0 1 2
0 8 3 7
0 10 3 7
0 41 3
0 1 58
0 1 2
0 1 2
0 1 2
0 1 2
0 1 2
0 72 3 7
0 1 2 55
0 64 3
0 1 2
0
0 1 2
0 1 2
0 1 2 58
0 41 3
0 25 29
0 1 2
0 1 2
0 8 3 7
0 11 3
0 11 3
0 64 3
0 1 2
0 1 2
0 1 2 49
0 3 12 13
0 1 2
0 64 3 70 1
0 1 2
0 1 2 3 4 5
0 1 2 3 4 6
0 9 3 4
0 1 2
0 25 29
0 9 3 4
0 41 3
0 1 2
0 3 4 6
0 1 2
0 3 60
0 8 3 7
0 41 3
0 8 3 7
0 3 4
0 1 2
0 1 2
0 10 3 7
0 11 3
0 1 2 14 15
0 3 60
0 3 12 13
0 3 4 6
0 10 3 7
0 3 4 6 7 10
0 1 2
0 3 54 30 31
0 1 2
0 41 3
0 1 2 49
0 8 3 7
0 1 2 49
0 1 2
0 1 2
0 1 70
0 72 3 7
0 11 3
0 1 2
0 1 2
0 1 2 70
0 3 12 23
0 3 12 23
0 3 60
0 1 2
0 8 3 7
0 41 3
0 1 2 3
0 11 3
0 9 3 4
0 3 12 13
0 24 3
0 1 2
0 3 4 6
0 1 2
0 8 3 7
0 11 3
0 41 3
0 1 2
0 1 2
0 59 3 30
0 1 2
0 1 2
0 1 2
0 1 2
0 1 2
0 1 2
0 50 3
0 9 3 4
0 1 2 3
0 1 2
0 3 54 30 31
0 25 26 29
0 96 3 37 71 11 76 14 15 16 75
0 64 3
0 10 3 7
0 1 2
0 1 2
0 3
0 1 2
0 72 10 3 7
0 1 2
0 1 2
0 1 2
0 1 2
0 41 3
0 1 2 77 14 15
0 3 12 13
0 9 3 4
0 41 3
0 1 2
0 8 3 7
0 1 2
0 1 2
0 11 3
0 1 2
0 1 2
0 64 3
0 1 2
0 3 54 30 31
0 72 3 7
0 41 3
0 1 2
0 73 3
0 1 2
0 25 29
0 1 2
0 73 3
0 1 2
0 25 29
0 1 2
0 9 3 4
0 3 12
0 8 3 7
0 1 2
0 3 54 30 31
0 1 2
0 11 3
0 64 3
0 8 3 7
0 1 2
0 1 2
0 1 2
0 1 2
0 105 3 14
0 1 2
0 73 3
0 64 3
0 1 2
0 1 2
0 1 2
0 41 3
0 1 49
0 9 3 4
0 1 2
0 1 2
0 1 2
0 1 2
0 1 2
0 1 2
0 64 3
0 8 3 7
0 64 3
0 1 2
0 1 2
0 10 3 7
